xof 0303txt 0032
template XSkinMeshHeader {
 <3cf169ce-ff7c-44ab-93c0-f78f62d172e2>
 WORD nMaxSkinWeightsPerVertex;
 WORD nMaxSkinWeightsPerFace;
 WORD nBones;
}

template VertexDuplicationIndices {
 <b8d65549-d7c9-4995-89cf-53a9a8b031e3>
 DWORD nIndices;
 DWORD nOriginalVertices;
 array DWORD indices[nIndices];
}

template SkinWeights {
 <6f0d123b-bad2-4167-a0d0-80224f25fabb>
 STRING transformNodeName;
 DWORD nWeights;
 array DWORD vertexIndices[nWeights];
 array FLOAT weights[nWeights];
 Matrix4x4 matrixOffset;
}

template AnimTicksPerSecond {
 <9e415a43-7ba6-4a73-8743-b73d47e88476>
 DWORD AnimTicksPerSecond;
}


AnimTicksPerSecond {
 4800;
}

Frame Dummy01 {
 

 FrameTransformMatrix {
  1.000000,0.000000,0.000000,0.000000,0.000000,-0.000000,-1.000000,0.000000,0.000000,1.000000,-0.000000,0.000000,0.000000,0.000000,0.000000,1.000000;;
 }

 Frame Bip01 {
  

  FrameTransformMatrix {
   -0.087155,0.982405,-0.165183,0.000000,-0.000001,0.165814,0.986157,0.000000,0.996195,0.085949,-0.014450,0.000000,-0.010000,-0.012284,0.490453,1.000000;;
  }

  Frame Bip01_Pelvis {
   

   FrameTransformMatrix {
    0.000000,1.000000,-0.000001,0.000000,-0.000001,0.000001,1.000000,0.000000,1.000000,0.000000,0.000001,0.000000,0.000000,0.000000,0.000000,1.000000;;
   }

   Frame Bip01_Spine {
    

    FrameTransformMatrix {
     0.984686,0.000002,-0.174337,0.000000,-0.000001,1.000000,0.000004,0.000000,0.174337,-0.000004,0.984686,0.000000,0.051619,0.000000,-0.000083,1.000000;;
    }

    Frame Bip01_Spine1 {
     

     FrameTransformMatrix {
      0.997819,0.052687,0.039774,0.000000,-0.044862,0.983198,-0.176942,0.000000,-0.048428,0.174771,0.983417,0.000000,0.106484,-0.000015,-0.000083,1.000000;;
     }

     Frame Bip01_Neck {
      

      FrameTransformMatrix {
       0.966067,-0.020835,0.257451,0.000000,0.025191,0.999590,-0.013632,0.000000,-0.257061,0.019655,0.966195,0.000000,0.130511,-0.000001,0.004626,1.000000;;
      }

      Frame Bip01_Head {
       

       FrameTransformMatrix {
        0.989321,-0.051753,-0.136255,0.000000,0.064251,0.993958,0.088989,0.000000,0.130826,-0.096793,0.986669,0.000000,0.033674,-0.000000,0.000000,1.000000;;
       }

       Frame Bip01_HeadNub {
        

        FrameTransformMatrix {
         1.000000,-0.000000,-0.000000,0.000000,-0.000000,1.000000,0.000000,0.000000,0.000000,-0.000000,1.000000,0.000000,0.169824,0.000000,-0.000000,1.000000;;
        }
       }
      }

      Frame Bip01_L_Clavicle {
       

       FrameTransformMatrix {
        -0.205975,0.976135,0.068811,0.000000,0.943873,0.216738,-0.249254,0.000000,-0.258220,0.013609,-0.965990,0.000000,-0.024734,0.015166,0.002017,1.000000;;
       }

       Frame Bip01_L_UpperArm {
        

        FrameTransformMatrix {
         0.385871,-0.777669,0.496320,0.000000,0.922466,0.332598,-0.196046,0.000000,-0.012616,0.533487,0.845714,0.000000,0.073469,0.000000,-0.000000,1.000000;;
        }

        Frame Bip01_L_Forearm {
         

         FrameTransformMatrix {
          0.943939,0.000000,-0.330119,0.000000,0.000000,1.000000,-0.000000,0.000000,0.330119,-0.000000,0.943939,0.000000,0.148340,0.000000,-0.000000,1.000000;;
         }

         Frame Bip01_L_Hand {
          

          FrameTransformMatrix {
           1.000000,-0.000000,0.000000,0.000000,0.000000,0.000796,1.000000,0.000000,0.000000,-1.000000,0.000796,0.000000,0.131860,-0.000000,0.000000,1.000000;;
          }

          Frame Bip01_L_Finger0 {
           

           FrameTransformMatrix {
            0.690342,-0.181727,0.700288,0.000000,0.558537,0.749101,-0.356210,0.000000,-0.459853,0.637043,0.618637,0.000000,0.057681,-0.023605,-0.000272,1.000000;;
           }

           Frame Bip01_L_Finger0Nub {
            

            FrameTransformMatrix {
             1.000000,0.000000,0.000000,0.000000,0.000000,1.000000,0.000000,0.000000,-0.000000,0.000000,1.000000,0.000000,0.029435,0.000000,0.000000,1.000000;;
            }
           }
          }

          Frame Bip01_L_Finger1 {
           

           FrameTransformMatrix {
            0.728079,-0.000546,0.685493,0.000000,0.000000,1.000000,0.000796,0.000000,-0.685493,-0.000580,0.728079,0.000000,0.084102,0.000000,0.000000,1.000000;;
           }

           Frame Bip01_L_Finger1Nub {
            

            FrameTransformMatrix {
             1.000000,0.000000,0.000000,0.000000,-0.000000,1.000000,0.000000,0.000000,-0.000000,0.000000,1.000000,0.000000,0.047988,-0.000000,0.000000,1.000000;;
            }
           }
          }
         }
        }
       }
      }

      Frame Bip01_R_Clavicle {
       

       FrameTransformMatrix {
        -0.028509,-0.999573,-0.006461,0.000000,-0.965665,0.025871,0.258498,0.000000,-0.258220,0.013609,-0.965990,0.000000,-0.024080,-0.016250,0.001399,1.000000;;
       }

       Frame Bip01_R_UpperArm {
        

        FrameTransformMatrix {
         0.221390,0.975047,0.016433,0.000000,-0.974986,0.221654,-0.016512,0.000000,-0.019742,-0.012366,0.999728,0.000000,0.073469,0.000000,-0.000000,1.000000;;
        }

        Frame Bip01_R_Forearm {
         

         FrameTransformMatrix {
          0.915660,-0.000000,-0.401954,0.000000,-0.000000,1.000000,-0.000000,0.000000,0.401954,-0.000000,0.915660,0.000000,0.148340,0.000000,-0.000000,1.000000;;
         }

         Frame Bip01_R_Hand {
          

          FrameTransformMatrix {
           0.975195,-0.000000,-0.221346,0.000000,-0.221346,0.000796,-0.975195,0.000000,0.000176,1.000000,0.000777,0.000000,0.131860,0.000000,0.000000,1.000000;;
          }

          Frame Bip01_R_Finger0 {
           

           FrameTransformMatrix {
            0.417774,-0.116941,0.900994,0.000000,-0.558537,0.749101,0.356210,0.000000,-0.716591,-0.652054,0.247639,0.000000,0.057681,0.023605,-0.000272,1.000000;;
           }

           Frame Bip01_R_Finger0Nub {
            

            FrameTransformMatrix {
             -1.000000,0.000000,0.000000,0.000000,0.000000,1.000000,-0.000000,0.000000,0.000000,0.000000,-1.000000,0.000000,0.029435,0.000000,-0.000000,1.000000;;
            }
           }
          }

          Frame Bip01_R_Finger1 {
           

           FrameTransformMatrix {
            0.352436,0.000745,0.935835,0.000000,-0.000000,1.000000,-0.000796,0.000000,-0.935836,0.000281,0.352436,0.000000,0.084102,-0.000000,0.000000,1.000000;;
           }

           Frame Bip01_R_Finger1Nub {
            

            FrameTransformMatrix {
             -1.000000,0.000000,0.000000,0.000000,0.000000,1.000000,-0.000000,0.000000,-0.000000,0.000000,-1.000000,0.000000,0.047988,0.000000,-0.000000,1.000000;;
            }
           }
          }
         }
        }
       }
      }
     }

     Frame Bip01_BackPack {
      

      FrameTransformMatrix {
       0.180560,0.080500,-0.980264,0.000000,0.047560,0.994764,0.090451,0.000000,0.982413,-0.062954,0.175786,0.000000,0.063697,0.000003,-0.088856,1.000000;;
      }

      Frame Bip01_BackPackNub {
       

       FrameTransformMatrix {
        0.000796,0.000003,1.000000,0.000000,0.000000,-1.000000,0.000003,0.000000,1.000000,-0.000000,-0.000796,0.000000,0.053240,0.000000,0.000000,1.000000;;
       }
      }
     }
    }

    Frame Bip01_L_Thigh {
     

     FrameTransformMatrix {
      -0.888504,0.030427,0.457858,0.000000,-0.032107,-0.999476,0.004114,0.000000,0.457744,-0.011045,0.889016,0.000000,-0.050843,0.055225,-0.008917,1.000000;;
     }

     Frame Bip01_L_Calf {
      

      FrameTransformMatrix {
       0.942235,-0.000000,-0.334952,0.000000,-0.000000,1.000000,-0.000000,0.000000,0.334952,-0.000000,0.942235,0.000000,0.237500,0.000000,-0.000000,1.000000;;
      }

      Frame Bip01_L_Foot {
       

       FrameTransformMatrix {
        0.924325,-0.026487,0.380687,0.000000,-0.068962,0.969570,0.234901,0.000000,-0.375325,-0.243378,0.894371,0.000000,0.206841,0.000000,0.000000,1.000000;;
       }

       Frame Bip01_L_Toe0 {
        

        FrameTransformMatrix {
         0.000000,0.000000,1.000000,0.000000,0.000000,1.000000,-0.000000,0.000000,-1.000000,0.000000,0.000000,0.000000,0.065373,0.000000,0.066450,1.000000;;
        }

        Frame Bip01_L_Toe0Nub {
         

         FrameTransformMatrix {
          -1.000000,0.000000,0.000000,0.000000,0.000000,1.000000,0.000000,0.000000,0.000000,0.000000,-1.000000,0.000000,0.006735,-0.000000,0.000000,1.000000;;
         }
        }
       }
      }
     }
    }

    Frame Bip01_R_Thigh {
     

     FrameTransformMatrix {
      -0.996965,0.030321,-0.071704,0.000000,-0.029454,-0.999480,-0.013113,0.000000,-0.072065,-0.010961,0.997340,0.000000,-0.050843,-0.055225,-0.008917,1.000000;;
     }

     Frame Bip01_R_Calf {
      

      FrameTransformMatrix {
       0.730239,0.000000,-0.683192,0.000000,0.000000,1.000000,0.000000,0.000000,0.683192,0.000000,0.730239,0.000000,0.237500,0.000000,0.000000,1.000000;;
      }

      Frame Bip01_R_Foot {
       

       FrameTransformMatrix {
        0.991957,0.087165,-0.091782,0.000000,-0.093276,0.993546,-0.064539,0.000000,0.085565,0.072581,0.993685,0.000000,0.206841,0.000000,0.000000,1.000000;;
       }

       Frame Bip01_R_Toe0 {
        

        FrameTransformMatrix {
         0.000000,0.000000,1.000000,0.000000,0.000000,1.000000,-0.000000,0.000000,-1.000000,0.000000,0.000000,0.000000,0.065373,0.000000,0.066450,1.000000;;
        }

        Frame Bip01_R_Toe0Nub {
         

         FrameTransformMatrix {
          1.000000,0.000000,0.000000,0.000000,0.000000,1.000000,-0.000000,0.000000,-0.000000,-0.000000,1.000000,0.000000,0.006735,-0.000000,0.000000,1.000000;;
         }
        }
       }
      }
     }
    }
   }

   Frame Bip01_DressFront {
    

    FrameTransformMatrix {
     -0.880185,-0.088339,0.466338,0.000000,0.121847,0.907542,0.401896,0.000000,-0.458725,0.410564,-0.788041,0.000000,-0.043935,0.001339,0.061057,1.000000;;
    }

    Frame Bip01_DressFront02 {
     

     FrameTransformMatrix {
      0.912593,0.000001,0.408870,0.000000,-0.000001,1.000000,-0.000000,0.000000,-0.408870,-0.000000,0.912593,0.000000,0.183378,-0.000000,-0.000120,1.000000;;
     }

     Frame Bip01_DressFrontNub {
      

      FrameTransformMatrix {
       0.000796,0.000003,1.000000,0.000000,0.000000,-1.000000,0.000003,0.000000,1.000000,0.000000,-0.000796,0.000000,0.165302,0.000000,0.000000,1.000000;;
      }
     }
    }
   }

   Frame Bip01_DressBack {
    

    FrameTransformMatrix {
     -0.886023,0.038029,0.462080,0.000000,0.191625,0.937561,0.290274,0.000000,-0.422190,0.345735,-0.837988,0.000000,-0.047673,-0.000048,-0.078302,1.000000;;
    }

    Frame Bip01_DressBack02 {
     

     FrameTransformMatrix {
      0.936852,0.174932,-0.302833,0.000000,-0.166408,0.984581,0.053940,0.000000,0.307600,-0.000139,0.951516,0.000000,0.176125,0.000000,-0.000103,1.000000;;
     }

     Frame Bip01_DressBackNub {
      

      FrameTransformMatrix {
       0.000796,0.000003,1.000000,0.000000,-0.000000,-1.000000,0.000003,0.000000,1.000000,0.000000,-0.000796,0.000000,0.136508,0.000000,0.000000,1.000000;;
      }
     }
    }
   }
  }

  Frame Bip01_Prop1 {
   

   FrameTransformMatrix {
    -0.233929,-0.108090,0.966227,0.000000,0.687222,0.684611,0.242967,0.000000,-0.687752,0.720849,-0.085868,0.000000,0.072994,-0.055506,-0.134034,1.000000;;
   }
  }

  Frame Bip01_Prop2 {
   

   FrameTransformMatrix {
    -0.163643,-0.967062,0.194966,0.000000,0.985576,-0.168906,-0.010564,0.000000,0.043147,0.190425,0.980753,0.000000,-0.140709,-0.103585,0.102365,1.000000;;
   }
  }
 }
}

Frame Translation_Data {
 

 FrameTransformMatrix {
  1.000000,0.000000,0.000000,0.000000,0.000000,-0.000000,-1.000000,0.000000,0.000000,1.000000,-0.000000,0.000000,0.000000,0.000000,0.000000,1.000000;;
 }
}

Frame Body001 {
 

 FrameTransformMatrix {
  1.000000,0.000000,0.000000,0.000000,0.000000,1.000000,0.000000,0.000000,0.000000,0.000000,1.000000,0.000000,0.000000,0.000000,0.000000,1.000000;;
 }

 Mesh Body001 {
  1146;
  0.063146;0.739860;-0.021289;,
  0.069091;0.755208;-0.012947;,
  0.033321;0.744823;-0.023413;,
  0.057798;0.698355;-0.030954;,
  0.040925;0.699891;-0.043199;,
  0.044400;0.668845;-0.054278;,
  0.060565;0.667579;-0.038530;,
  0.024751;0.791852;0.014182;,
  0.063074;0.773458;0.016682;,
  0.070082;0.765025;0.039613;,
  0.041236;0.768444;0.042613;,
  0.066105;0.551110;0.037614;,
  0.037714;0.562916;0.065556;,
  0.032108;0.577884;0.052196;,
  0.057583;0.574379;0.026460;,
  0.062302;0.559873;-0.009678;,
  0.071337;0.530732;-0.001758;,
  0.038584;0.543121;-0.030389;,
  0.028722;0.487169;-0.017059;,
  0.060450;0.499071;-0.010211;,
  0.016809;0.692459;-0.045621;,
  0.020807;0.669562;-0.055521;,
  -0.004365;0.546000;0.068256;,
  -0.005360;0.563435;0.053791;,
  0.030696;0.638787;0.046916;,
  -0.008736;0.640624;0.049973;,
  -0.010837;0.669416;0.045763;,
  0.035542;0.678234;0.049429;,
  0.043690;0.463425;-0.033309;,
  0.042475;0.377660;-0.081803;,
  0.076993;0.363426;-0.061337;,
  0.086858;0.449124;0.004751;,
  0.005161;0.441238;0.012408;,
  0.022574;0.440850;0.072536;,
  0.021335;0.337706;-0.002726;,
  -0.000931;0.366585;-0.055865;,
  0.078331;0.407326;0.037185;,
  0.068443;0.342605;-0.013084;,
  0.082346;0.493846;0.013532;,
  -0.012125;0.447566;-0.005125;,
  0.005161;0.441238;0.012408;,
  0.072819;0.509081;0.061749;,
  0.040156;0.527798;0.087577;,
  0.078725;0.451302;0.057552;,
  0.039939;0.471181;0.087340;,
  0.025483;0.594617;0.048765;,
  0.047550;0.638772;0.040369;,
  0.053505;0.643687;0.024956;,
  0.061192;0.673371;0.025373;,
  0.051097;0.635528;-0.009427;,
  0.053709;0.644772;-0.009235;,
  0.035694;0.635515;-0.034294;,
  0.032243;0.633047;-0.035153;,
  0.015740;0.640731;-0.038060;,
  0.009804;0.638292;-0.036065;,
  0.109309;0.690337;0.012198;,
  0.077899;0.686165;0.017872;,
  0.080531;0.647185;0.038361;,
  0.121601;0.649578;0.039003;,
  0.087472;0.601457;0.068244;,
  0.122542;0.605970;0.073851;,
  0.075934;0.712754;0.050705;,
  0.082587;0.674023;0.078493;,
  0.080531;0.647185;0.038361;,
  0.077899;0.686165;0.017872;,
  0.091077;0.627543;0.103049;,
  0.087472;0.601457;0.068244;,
  0.082642;0.737701;0.038255;,
  0.091555;0.714097;0.051564;,
  0.076549;0.727506;0.033769;,
  0.119515;0.671787;0.071760;,
  0.120147;0.625362;0.095764;,
  0.115487;0.705918;0.034901;,
  0.128414;0.581564;0.077166;,
  0.087050;0.574050;0.073905;,
  0.099852;0.520632;0.099493;,
  0.125021;0.526454;0.097277;,
  0.110138;0.480049;0.114406;,
  0.123665;0.480280;0.114538;,
  0.087050;0.574050;0.073905;,
  0.090385;0.596625;0.119485;,
  0.103476;0.537979;0.133700;,
  0.099852;0.520632;0.099493;,
  0.112385;0.489101;0.139672;,
  0.110138;0.480049;0.114406;,
  0.126885;0.598342;0.109881;,
  0.123866;0.542727;0.131527;,
  0.123806;0.489343;0.139098;,
  0.105017;0.365146;0.134268;,
  0.099282;0.372955;0.130998;,
  0.106819;0.394882;0.169292;,
  0.111954;0.387393;0.172111;,
  0.093145;0.402320;0.115369;,
  0.095500;0.398241;0.123482;,
  0.103480;0.395462;0.120736;,
  0.098890;0.397699;0.109404;,
  0.110293;0.462241;0.154157;,
  0.115360;0.422226;0.167420;,
  0.116761;0.418828;0.115365;,
  0.105665;0.449270;0.108711;,
  0.130748;0.461809;0.155253;,
  0.124476;0.419324;0.168608;,
  0.131485;0.448421;0.107720;,
  0.131897;0.413488;0.121129;,
  0.103084;0.761621;0.023286;,
  0.101224;0.764439;0.004488;,
  0.063074;0.773458;0.016682;,
  0.067442;0.770561;0.002875;,
  0.056428;0.685188;0.049627;,
  0.030843;0.787628;0.000957;,
  0.098813;0.747485;-0.015888;,
  0.069091;0.755208;-0.012947;,
  0.063146;0.739860;-0.021289;,
  0.091197;0.728379;-0.016495;,
  0.041449;0.729027;0.054299;,
  -0.008251;0.717225;0.049391;,
  -0.003753;0.770309;0.039102;,
  0.070082;0.765025;0.039613;,
  0.072636;0.734895;0.046244;,
  0.080133;0.716627;-0.008484;,
  0.068804;0.713590;0.004509;,
  0.072725;0.728167;0.041346;,
  0.063159;0.721251;-0.022474;,
  0.062626;0.662614;-0.012670;,
  0.062469;0.674065;0.002958;,
  0.060569;0.678219;0.040555;,
  0.105665;0.449270;0.108711;,
  0.023789;0.823675;0.012926;,
  0.033652;0.819226;-0.001834;,
  -0.000346;0.795881;0.015669;,
  0.001988;0.826910;0.016916;,
  0.131897;0.413488;0.121129;,
  0.105017;0.365146;0.134268;,
  0.111954;0.387393;0.172111;,
  0.103464;0.415771;0.105124;,
  0.116050;0.410026;0.099480;,
  0.103464;0.415771;0.105124;,
  0.111415;0.409745;0.116706;,
  0.126068;0.413792;0.117084;,
  0.126068;0.413792;0.117084;,
  0.093145;0.402320;0.115369;,
  0.098890;0.397699;0.109404;,
  0.103480;0.395462;0.120736;,
  -0.000931;0.366585;-0.055865;,
  -0.008822;0.442083;0.034077;,
  0.032634;0.833455;-0.049631;,
  0.030107;0.828320;-0.057304;,
  0.025096;0.825544;-0.055621;,
  0.026453;0.825505;-0.045288;,
  0.038219;0.843739;-0.004650;,
  0.029261;0.851947;0.012141;,
  0.031323;0.883409;-0.053967;,
  0.016878;0.882839;-0.067415;,
  0.016878;0.882837;-0.067417;,
  0.026933;0.877969;-0.068329;,
  0.031398;0.859557;-0.073885;,
  0.029237;0.871315;-0.071557;,
  0.024818;0.858710;-0.077650;,
  0.037150;0.844670;-0.048831;,
  0.034458;0.840566;-0.060055;,
  0.032030;0.836887;-0.045924;,
  0.061857;0.844086;-0.021744;,
  0.038581;0.860175;-0.051959;,
  0.036384;0.875966;-0.053681;,
  0.034204;0.874660;-0.065388;,
  0.037764;0.858652;-0.063405;,
  0.055719;0.885991;-0.016885;,
  0.036954;0.884500;0.016774;,
  0.050601;0.885475;-0.003913;,
  0.002575;0.885189;0.029275;,
  0.009678;0.902520;0.019850;,
  0.042535;0.900790;0.009638;,
  0.037435;0.849469;-0.062244;,
  0.031227;0.844598;-0.071737;,
  0.030313;0.835701;-0.067324;,
  0.018579;0.802389;-0.067145;,
  0.021011;0.808789;-0.056617;,
  0.021011;0.812121;-0.029785;,
  0.043452;0.902117;-0.024241;,
  0.009678;0.920999;-0.002501;,
  0.042395;0.917380;-0.012991;,
  0.002575;0.852746;0.019160;,
  0.054662;0.901255;-0.005636;,
  0.039739;0.856478;-0.047906;,
  0.038639;0.846670;-0.049343;,
  0.041714;0.856308;-0.042146;,
  0.041139;0.861338;-0.045830;,
  0.060330;0.880501;-0.010016;,
  0.053179;0.858090;-0.026752;,
  0.058993;0.892199;-0.018581;,
  0.038581;0.860175;-0.051959;,
  0.038633;0.852288;-0.054451;,
  0.037150;0.844670;-0.048831;,
  0.031737;0.854668;-0.071044;,
  0.038633;0.852288;-0.054451;,
  0.020793;0.775758;-0.008972;,
  0.049279;0.798627;0.022701;,
  0.030242;0.829958;-0.038628;,
  0.067442;0.770561;0.002875;,
  0.046379;0.803052;-0.015900;,
  0.058761;0.844789;-0.015163;,
  0.001819;0.761784;-0.027539;,
  -0.013088;0.540994;-0.032001;,
  -0.012706;0.479413;-0.017220;,
  -0.002832;0.517867;0.090762;,
  -0.003132;0.482917;0.093163;,
  -0.003580;0.472492;0.089717;,
  -0.008822;0.442083;0.034077;,
  0.024482;0.833601;-0.072776;,
  0.021294;0.841053;-0.075671;,
  0.016878;0.878381;-0.072368;,
  0.016878;0.870838;-0.076250;,
  0.022155;0.852290;-0.075901;,
  -0.011431;0.598793;-0.033880;,
  0.026492;0.599146;-0.030375;,
  0.048295;0.600834;-0.004998;,
  0.047107;0.596376;0.027155;,
  -0.008622;0.593960;0.051602;,
  0.067442;0.770561;0.002875;,
  0.107511;0.711501;0.044906;,
  0.024189;0.831393;-0.070834;,
  0.020907;0.830196;-0.074366;,
  0.016878;0.839699;-0.081866;,
  0.016878;0.837963;-0.077854;,
  0.021718;0.832346;-0.075103;,
  0.016878;0.830763;-0.075012;,
  0.016878;0.829404;-0.075490;,
  0.021070;0.831200;-0.073257;,
  0.016878;0.858136;-0.079792;,
  0.016878;0.851397;-0.077742;,
  0.021385;0.833402;-0.075141;,
  0.068729;0.729877;0.049584;,
  0.072636;0.734895;0.046244;,
  0.072725;0.728167;0.041346;,
  0.016878;0.829404;-0.075490;,
  0.016878;0.830763;-0.075012;,
  0.016878;0.832154;-0.077372;,
  0.016878;0.832154;-0.077372;,
  0.016878;0.833557;-0.077378;,
  0.016878;0.837963;-0.077854;,
  0.062178;0.702441;0.017208;,
  0.068804;0.713590;0.004509;,
  0.063275;0.690215;-0.018833;,
  0.063159;0.721251;-0.022474;,
  0.018868;0.646520;-0.048283;,
  0.042261;0.641892;-0.045873;,
  0.056351;0.646928;-0.028146;,
  0.039031;0.714524;-0.038658;,
  0.063159;0.721251;-0.022474;,
  0.080133;0.716627;-0.008484;,
  -0.000029;0.710100;-0.044739;,
  0.001090;0.742888;-0.035131;,
  0.009387;0.672245;-0.050903;,
  0.007392;0.649491;-0.043599;,
  0.016878;0.886873;-0.054144;,
  0.021423;0.807719;-0.015067;,
  0.010735;0.905735;-0.013750;,
  -0.001710;0.673933;-0.050472;,
  -0.003760;0.651467;-0.043102;,
  0.062178;0.702441;0.017208;,
  -0.062811;0.750109;-0.032980;,
  -0.032436;0.749293;-0.029479;,
  -0.066768;0.768891;-0.025664;,
  -0.060386;0.705573;-0.041824;,
  -0.065423;0.675274;-0.050117;,
  -0.046633;0.674405;-0.062650;,
  -0.041508;0.704925;-0.050780;,
  -0.025054;0.794893;0.009601;,
  -0.048565;0.775071;0.034307;,
  -0.075527;0.779225;0.026003;,
  -0.062422;0.786042;0.004937;,
  -0.078865;0.553213;0.050122;,
  -0.071713;0.576254;0.037616;,
  -0.042116;0.578961;0.058600;,
  -0.045781;0.564127;0.072759;,
  -0.082966;0.561980;0.002856;,
  -0.091347;0.533092;0.012278;,
  -0.063638;0.544604;-0.021569;,
  -0.083382;0.499007;0.000570;,
  -0.053254;0.488358;-0.009986;,
  -0.023295;0.672256;-0.059577;,
  -0.018429;0.694612;-0.048862;,
  -0.005360;0.563435;0.053791;,
  -0.004365;0.546000;0.068256;,
  -0.049417;0.642108;0.045565;,
  -0.055701;0.683806;0.041037;,
  -0.010837;0.669416;0.045763;,
  -0.008736;0.640624;0.049973;,
  -0.068632;0.447939;-0.007114;,
  -0.105247;0.450216;0.034474;,
  -0.096994;0.348034;0.029929;,
  -0.067405;0.349082;-0.000671;,
  -0.018167;0.441353;0.016161;,
  -0.019702;0.352617;0.019113;,
  -0.030897;0.355954;0.082493;,
  -0.031143;0.449692;0.086633;,
  -0.079288;0.355319;0.079613;,
  -0.087700;0.425828;0.085602;,
  -0.100559;0.497183;0.029574;,
  -0.018167;0.441353;0.016161;,
  -0.045426;0.529039;0.094961;,
  -0.082359;0.517250;0.075207;,
  -0.046144;0.477183;0.097687;,
  -0.088627;0.461199;0.081333;,
  -0.042734;0.596558;0.051009;,
  -0.066668;0.643794;0.037340;,
  -0.071453;0.649310;0.021152;,
  -0.067679;0.641103;-0.013924;,
  -0.076949;0.681807;0.012668;,
  -0.066808;0.652132;-0.020320;,
  -0.047002;0.636858;-0.038503;,
  -0.045790;0.640491;-0.041789;,
  -0.021417;0.640053;-0.038379;,
  -0.025003;0.643219;-0.041807;,
  -0.118283;0.719069;-0.028226;,
  -0.095012;0.665848;-0.027312;,
  -0.087819;0.709294;-0.024687;,
  -0.135704;0.671900;-0.026617;,
  -0.142531;0.617658;-0.019170;,
  -0.107479;0.613484;-0.025149;,
  -0.086350;0.715011;0.017194;,
  -0.087819;0.709294;-0.024687;,
  -0.095012;0.665848;-0.027312;,
  -0.098084;0.668475;0.020841;,
  -0.107479;0.613484;-0.025149;,
  -0.112189;0.616436;0.017931;,
  -0.091137;0.747763;0.019786;,
  -0.086744;0.741538;0.014464;,
  -0.101841;0.717367;0.018208;,
  -0.140623;0.621633;0.009731;,
  -0.134446;0.673905;0.012944;,
  -0.124976;0.721425;-0.000913;,
  -0.150050;0.597051;-0.030803;,
  -0.151878;0.540379;-0.046231;,
  -0.127414;0.531812;-0.046881;,
  -0.109106;0.588602;-0.036302;,
  -0.154820;0.493299;-0.058720;,
  -0.141350;0.491912;-0.058463;,
  -0.109106;0.588602;-0.036302;,
  -0.127414;0.531812;-0.046881;,
  -0.132974;0.526657;-0.009110;,
  -0.115063;0.581141;0.013769;,
  -0.141350;0.491912;-0.058463;,
  -0.145628;0.483445;-0.033540;,
  -0.152757;0.533838;-0.008873;,
  -0.150391;0.591763;0.005612;,
  -0.156878;0.485058;-0.034257;,
  -0.126394;0.409778;-0.120888;,
  -0.142330;0.396000;-0.081754;,
  -0.140666;0.404347;-0.077515;,
  -0.124308;0.418821;-0.116593;,
  -0.121873;0.441601;-0.098519;,
  -0.123980;0.440730;-0.107726;,
  -0.130761;0.432031;-0.101994;,
  -0.125138;0.433434;-0.095260;,
  -0.146077;0.452020;-0.044744;,
  -0.136425;0.476358;-0.084361;,
  -0.148654;0.452125;-0.103265;,
  -0.153220;0.415935;-0.065947;,
  -0.162452;0.413985;-0.067917;,
  -0.166527;0.452874;-0.045698;,
  -0.161967;0.478979;-0.087373;,
  -0.164429;0.445746;-0.104396;,
  -0.103701;0.782145;0.006351;,
  -0.097225;0.788609;-0.014260;,
  -0.064520;0.784165;-0.009490;,
  -0.062422;0.786042;0.004937;,
  -0.075281;0.693232;0.037513;,
  -0.029105;0.791289;-0.004557;,
  -0.095651;0.771710;-0.034203;,
  -0.093161;0.751914;-0.034441;,
  -0.062811;0.750109;-0.032980;,
  -0.066768;0.768891;-0.025664;,
  -0.056222;0.734992;0.045316;,
  -0.003753;0.770309;0.039102;,
  -0.008251;0.717225;0.049391;,
  -0.075527;0.779225;0.026003;,
  -0.085158;0.747226;0.031766;,
  -0.084715;0.738401;0.026713;,
  -0.075869;0.724244;-0.009251;,
  -0.086792;0.738193;-0.025655;,
  -0.064620;0.730643;-0.034137;,
  -0.072733;0.670881;-0.025119;,
  -0.074038;0.682401;-0.009597;,
  -0.078514;0.686713;0.027763;,
  -0.136425;0.476358;-0.084361;,
  -0.028920;0.819664;-0.003138;,
  -0.019654;0.823979;0.012021;,
  -0.000346;0.795881;0.015669;,
  0.001988;0.826910;0.016916;,
  -0.164429;0.445746;-0.104396;,
  -0.126394;0.409778;-0.120888;,
  -0.142330;0.396000;-0.081754;,
  -0.143694;0.457025;-0.117329;,
  -0.134281;0.457704;-0.107584;,
  -0.134281;0.457704;-0.107584;,
  -0.143304;0.445706;-0.104778;,
  -0.157082;0.447976;-0.105310;,
  -0.157082;0.447976;-0.105310;,
  -0.123980;0.440730;-0.107726;,
  -0.121873;0.441601;-0.098519;,
  -0.130761;0.432031;-0.101994;,
  -0.019702;0.352617;0.019113;,
  -0.034066;0.827357;-0.027421;,
  -0.000800;0.866325;-0.034436;,
  0.000499;0.866230;-0.044371;,
  -0.004512;0.869006;-0.046054;,
  -0.033069;0.843738;-0.004650;,
  -0.024111;0.851947;0.012141;,
  0.001376;0.898673;-0.042718;,
  -0.001338;0.918655;-0.057079;,
  -0.005803;0.900243;-0.062635;,
  0.000777;0.899397;-0.066400;,
  -0.003642;0.912002;-0.060307;,
  -0.008862;0.881252;-0.048805;,
  -0.011555;0.885356;-0.037581;,
  -0.006435;0.877573;-0.034674;,
  -0.048606;0.884773;-0.010494;,
  -0.012985;0.900861;-0.040709;,
  -0.012168;0.899338;-0.052155;,
  -0.008609;0.915346;-0.054138;,
  -0.010789;0.916652;-0.042431;,
  -0.042409;0.926677;-0.005635;,
  -0.045451;0.885475;-0.003913;,
  -0.031804;0.884500;0.016774;,
  0.002575;0.885189;0.029275;,
  -0.030282;0.926212;0.009639;,
  0.002575;0.927943;0.019851;,
  -0.011840;0.890155;-0.050994;,
  -0.004717;0.876388;-0.056074;,
  -0.005632;0.885284;-0.060487;,
  0.005007;0.813388;-0.045400;,
  -0.023039;0.917380;-0.012991;,
  -0.030142;0.942803;-0.012991;,
  0.002575;0.946421;-0.002500;,
  0.002575;0.852746;0.019160;,
  -0.042409;0.926677;-0.005635;,
  -0.016035;0.896994;-0.030896;,
  -0.013122;0.887357;-0.038093;,
  -0.014144;0.897164;-0.036656;,
  -0.015461;0.902025;-0.034579;,
  -0.048212;0.858089;-0.026751;,
  -0.054987;0.880501;-0.010016;,
  -0.053651;0.892199;-0.018581;,
  -0.012985;0.900861;-0.040709;,
  -0.013038;0.892974;-0.043200;,
  -0.011555;0.885356;-0.037581;,
  -0.006142;0.895355;-0.059794;,
  -0.013038;0.892974;-0.043200;,
  -0.004826;0.870833;-0.027938;,
  -0.029105;0.791289;-0.004557;,
  -0.018926;0.778184;-0.012625;,
  -0.064520;0.784165;-0.009490;,
  -0.033069;0.843738;-0.004650;,
  -0.045451;0.885475;-0.003913;,
  -0.002832;0.517867;0.090762;,
  -0.003132;0.482917;0.093163;,
  -0.003580;0.472492;0.089717;,
  -0.008822;0.442083;0.034077;,
  0.001113;0.874288;-0.061526;,
  0.004210;0.874088;-0.063891;,
  0.004302;0.881739;-0.064421;,
  0.003440;0.892976;-0.064651;,
  -0.048925;0.601292;-0.027894;,
  -0.068753;0.604164;-0.001149;,
  -0.065645;0.599584;0.030863;,
  -0.008622;0.593960;0.051602;,
  -0.064520;0.784165;-0.009490;,
  -0.117388;0.720237;0.010746;,
  0.004688;0.870882;-0.063116;,
  0.001407;0.872079;-0.059584;,
  0.004526;0.871886;-0.062007;,
  0.003877;0.873033;-0.063853;,
  -0.082060;0.739284;0.035771;,
  -0.084715;0.738401;0.026713;,
  -0.085158;0.747226;0.031766;,
  -0.072919;0.710692;0.004783;,
  -0.075869;0.724244;-0.009251;,
  -0.068916;0.698288;-0.030991;,
  -0.064620;0.730643;-0.034137;,
  -0.025499;0.649230;-0.052363;,
  -0.049325;0.647485;-0.054296;,
  -0.065690;0.654381;-0.039370;,
  -0.038719;0.719272;-0.045808;,
  -0.064620;0.730643;-0.034137;,
  -0.086792;0.738193;-0.025655;,
  -0.012665;0.673592;-0.052931;,
  -0.014792;0.650846;-0.045640;,
  0.016878;0.886873;-0.054144;,
  0.010735;0.905735;-0.013750;,
  -0.072919;0.710692;0.004783;,
  0.043690;0.463425;-0.033309;,
  0.004906;0.436780;-0.024927;,
  -0.006958;0.378390;-0.072265;,
  0.042475;0.377660;-0.081803;,
  0.028722;0.487169;-0.017059;,
  0.019423;0.341568;0.005512;,
  -0.004768;0.368829;0.059082;,
  -0.003677;0.444772;0.093251;,
  -0.013580;0.432301;-0.012622;,
  -0.022152;0.356708;-0.022843;,
  -0.015032;0.357718;-0.049107;,
  -0.006002;0.436542;-0.022506;,
  -0.012706;0.479413;-0.017220;,
  -0.053254;0.488358;-0.009986;,
  -0.003132;0.482917;0.093163;,
  -0.031143;0.449692;0.086633;,
  -0.027108;0.362958;0.089638;,
  -0.068632;0.447939;-0.007114;,
  -0.067405;0.349082;-0.000671;,
  0.078331;0.407326;0.037185;,
  0.068443;0.342605;-0.013084;,
  0.022574;0.440850;0.072536;,
  -0.087700;0.425828;0.085602;,
  -0.079288;0.355319;0.079613;,
  0.063146;0.739860;-0.021289;,
  0.063146;0.739860;-0.021289;,
  0.069091;0.755208;-0.012947;,
  0.069091;0.755208;-0.012947;,
  0.033321;0.744823;-0.023413;,
  0.033321;0.744823;-0.023413;,
  0.033321;0.744823;-0.023413;,
  0.033321;0.744823;-0.023413;,
  0.033321;0.744823;-0.023413;,
  0.033321;0.744823;-0.023413;,
  0.063074;0.773458;0.016682;,
  0.063074;0.773458;0.016682;,
  0.070082;0.765025;0.039613;,
  0.070082;0.765025;0.039613;,
  0.070082;0.765025;0.039613;,
  0.041236;0.768444;0.042613;,
  0.041236;0.768444;0.042613;,
  0.041236;0.768444;0.042613;,
  0.041236;0.768444;0.042613;,
  0.066105;0.551110;0.037614;,
  0.066105;0.551110;0.037614;,
  0.066105;0.551110;0.037614;,
  0.066105;0.551110;0.037614;,
  0.066105;0.551110;0.037614;,
  0.066105;0.551110;0.037614;,
  0.037714;0.562916;0.065556;,
  0.037714;0.562916;0.065556;,
  0.037714;0.562916;0.065556;,
  0.037714;0.562916;0.065556;,
  0.037714;0.562916;0.065556;,
  0.032108;0.577884;0.052196;,
  0.032108;0.577884;0.052196;,
  0.032108;0.577884;0.052196;,
  0.032108;0.577884;0.052196;,
  0.032108;0.577884;0.052196;,
  0.057583;0.574379;0.026460;,
  0.057583;0.574379;0.026460;,
  0.057583;0.574379;0.026460;,
  0.057583;0.574379;0.026460;,
  0.057583;0.574379;0.026460;,
  0.062302;0.559873;-0.009678;,
  0.062302;0.559873;-0.009678;,
  0.062302;0.559873;-0.009678;,
  0.062302;0.559873;-0.009678;,
  0.062302;0.559873;-0.009678;,
  0.062302;0.559873;-0.009678;,
  0.071337;0.530732;-0.001758;,
  0.071337;0.530732;-0.001758;,
  0.071337;0.530732;-0.001758;,
  0.038584;0.543121;-0.030389;,
  0.038584;0.543121;-0.030389;,
  0.038584;0.543121;-0.030389;,
  0.038584;0.543121;-0.030389;,
  0.038584;0.543121;-0.030389;,
  0.060450;0.499071;-0.010211;,
  0.060450;0.499071;-0.010211;,
  0.060450;0.499071;-0.010211;,
  0.060450;0.499071;-0.010211;,
  0.060450;0.499071;-0.010211;,
  0.060450;0.499071;-0.010211;,
  -0.005360;0.563435;0.053791;,
  -0.005360;0.563435;0.053791;,
  0.030696;0.638787;0.046916;,
  0.030696;0.638787;0.046916;,
  0.030696;0.638787;0.046916;,
  0.030696;0.638787;0.046916;,
  -0.008736;0.640624;0.049973;,
  -0.008736;0.640624;0.049973;,
  0.043690;0.463425;-0.033309;,
  0.043690;0.463425;-0.033309;,
  0.043690;0.463425;-0.033309;,
  0.043690;0.463425;-0.033309;,
  0.043690;0.463425;-0.033309;,
  0.043690;0.463425;-0.033309;,
  0.086858;0.449124;0.004751;,
  0.086858;0.449124;0.004751;,
  0.086858;0.449124;0.004751;,
  0.086858;0.449124;0.004751;,
  0.086858;0.449124;0.004751;,
  0.086858;0.449124;0.004751;,
  0.005161;0.441238;0.012408;,
  0.005161;0.441238;0.012408;,
  0.022574;0.440850;0.072536;,
  0.022574;0.440850;0.072536;,
  0.022574;0.440850;0.072536;,
  0.022574;0.440850;0.072536;,
  0.022574;0.440850;0.072536;,
  0.022574;0.440850;0.072536;,
  0.022574;0.440850;0.072536;,
  0.078331;0.407326;0.037185;,
  0.078331;0.407326;0.037185;,
  0.078331;0.407326;0.037185;,
  0.078331;0.407326;0.037185;,
  0.078331;0.407326;0.037185;,
  0.082346;0.493846;0.013532;,
  0.082346;0.493846;0.013532;,
  0.082346;0.493846;0.013532;,
  0.082346;0.493846;0.013532;,
  0.005161;0.441238;0.012408;,
  0.005161;0.441238;0.012408;,
  0.005161;0.441238;0.012408;,
  0.072819;0.509081;0.061749;,
  0.072819;0.509081;0.061749;,
  0.072819;0.509081;0.061749;,
  0.072819;0.509081;0.061749;,
  0.072819;0.509081;0.061749;,
  0.078725;0.451302;0.057552;,
  0.078725;0.451302;0.057552;,
  0.078725;0.451302;0.057552;,
  0.078725;0.451302;0.057552;,
  0.078725;0.451302;0.057552;,
  0.039939;0.471181;0.087340;,
  0.039939;0.471181;0.087340;,
  0.039939;0.471181;0.087340;,
  0.025483;0.594617;0.048765;,
  0.025483;0.594617;0.048765;,
  0.025483;0.594617;0.048765;,
  0.025483;0.594617;0.048765;,
  0.025483;0.594617;0.048765;,
  0.025483;0.594617;0.048765;,
  0.047550;0.638772;0.040369;,
  0.047550;0.638772;0.040369;,
  0.047550;0.638772;0.040369;,
  0.047550;0.638772;0.040369;,
  0.047550;0.638772;0.040369;,
  0.047550;0.638772;0.040369;,
  0.053505;0.643687;0.024956;,
  0.053505;0.643687;0.024956;,
  0.053505;0.643687;0.024956;,
  0.053505;0.643687;0.024956;,
  0.053505;0.643687;0.024956;,
  0.051097;0.635528;-0.009427;,
  0.051097;0.635528;-0.009427;,
  0.051097;0.635528;-0.009427;,
  0.051097;0.635528;-0.009427;,
  0.051097;0.635528;-0.009427;,
  0.051097;0.635528;-0.009427;,
  0.032243;0.633047;-0.035153;,
  0.032243;0.633047;-0.035153;,
  0.032243;0.633047;-0.035153;,
  0.032243;0.633047;-0.035153;,
  0.032243;0.633047;-0.035153;,
  0.009804;0.638292;-0.036065;,
  0.009804;0.638292;-0.036065;,
  0.009804;0.638292;-0.036065;,
  0.009804;0.638292;-0.036065;,
  0.009804;0.638292;-0.036065;,
  0.087472;0.601457;0.068244;,
  0.087472;0.601457;0.068244;,
  0.122542;0.605970;0.073851;,
  0.122542;0.605970;0.073851;,
  0.122542;0.605970;0.073851;,
  0.122542;0.605970;0.073851;,
  0.122542;0.605970;0.073851;,
  0.091077;0.627543;0.103049;,
  0.091077;0.627543;0.103049;,
  0.091077;0.627543;0.103049;,
  0.091077;0.627543;0.103049;,
  0.091077;0.627543;0.103049;,
  0.087472;0.601457;0.068244;,
  0.082642;0.737701;0.038255;,
  0.082642;0.737701;0.038255;,
  0.082642;0.737701;0.038255;,
  0.082642;0.737701;0.038255;,
  0.082642;0.737701;0.038255;,
  0.082642;0.737701;0.038255;,
  0.082642;0.737701;0.038255;,
  0.076549;0.727506;0.033769;,
  0.076549;0.727506;0.033769;,
  0.076549;0.727506;0.033769;,
  0.076549;0.727506;0.033769;,
  0.076549;0.727506;0.033769;,
  0.120147;0.625362;0.095764;,
  0.120147;0.625362;0.095764;,
  0.120147;0.625362;0.095764;,
  0.120147;0.625362;0.095764;,
  0.120147;0.625362;0.095764;,
  0.120147;0.625362;0.095764;,
  0.110138;0.480049;0.114406;,
  0.110138;0.480049;0.114406;,
  0.123665;0.480280;0.114538;,
  0.123665;0.480280;0.114538;,
  0.123665;0.480280;0.114538;,
  0.123665;0.480280;0.114538;,
  0.123665;0.480280;0.114538;,
  0.123665;0.480280;0.114538;,
  0.112385;0.489101;0.139672;,
  0.112385;0.489101;0.139672;,
  0.112385;0.489101;0.139672;,
  0.112385;0.489101;0.139672;,
  0.110138;0.480049;0.114406;,
  0.110138;0.480049;0.114406;,
  0.123806;0.489343;0.139098;,
  0.123806;0.489343;0.139098;,
  0.123806;0.489343;0.139098;,
  0.123806;0.489343;0.139098;,
  0.123806;0.489343;0.139098;,
  0.103084;0.761621;0.023286;,
  0.103084;0.761621;0.023286;,
  0.103084;0.761621;0.023286;,
  0.103084;0.761621;0.023286;,
  0.103084;0.761621;0.023286;,
  0.063074;0.773458;0.016682;,
  0.063074;0.773458;0.016682;,
  0.067442;0.770561;0.002875;,
  0.098813;0.747485;-0.015888;,
  0.098813;0.747485;-0.015888;,
  0.098813;0.747485;-0.015888;,
  0.098813;0.747485;-0.015888;,
  0.069091;0.755208;-0.012947;,
  0.069091;0.755208;-0.012947;,
  0.063146;0.739860;-0.021289;,
  0.063146;0.739860;-0.021289;,
  0.091197;0.728379;-0.016495;,
  0.091197;0.728379;-0.016495;,
  0.091197;0.728379;-0.016495;,
  0.091197;0.728379;-0.016495;,
  -0.003753;0.770309;0.039102;,
  -0.003753;0.770309;0.039102;,
  0.070082;0.765025;0.039613;,
  0.070082;0.765025;0.039613;,
  0.072636;0.734895;0.046244;,
  0.080133;0.716627;-0.008484;,
  0.080133;0.716627;-0.008484;,
  0.068804;0.713590;0.004509;,
  0.068804;0.713590;0.004509;,
  0.068804;0.713590;0.004509;,
  0.072725;0.728167;0.041346;,
  0.072725;0.728167;0.041346;,
  0.072725;0.728167;0.041346;,
  0.023789;0.823675;0.012926;,
  0.023789;0.823675;0.012926;,
  0.023789;0.823675;0.012926;,
  0.023789;0.823675;0.012926;,
  0.023789;0.823675;0.012926;,
  0.033652;0.819226;-0.001834;,
  0.033652;0.819226;-0.001834;,
  0.001988;0.826910;0.016916;,
  0.001988;0.826910;0.016916;,
  0.103464;0.415771;0.105124;,
  0.103464;0.415771;0.105124;,
  0.116050;0.410026;0.099480;,
  0.116050;0.410026;0.099480;,
  0.116050;0.410026;0.099480;,
  0.116050;0.410026;0.099480;,
  0.103464;0.415771;0.105124;,
  0.103464;0.415771;0.105124;,
  0.103464;0.415771;0.105124;,
  0.111415;0.409745;0.116706;,
  0.111415;0.409745;0.116706;,
  0.111415;0.409745;0.116706;,
  0.111415;0.409745;0.116706;,
  0.126068;0.413792;0.117084;,
  0.126068;0.413792;0.117084;,
  0.126068;0.413792;0.117084;,
  0.126068;0.413792;0.117084;,
  0.126068;0.413792;0.117084;,
  0.001819;0.761784;-0.027539;,
  0.001819;0.761784;-0.027539;,
  0.001819;0.761784;-0.027539;,
  0.001819;0.761784;-0.027539;,
  0.001819;0.761784;-0.027539;,
  -0.013088;0.540994;-0.032001;,
  -0.013088;0.540994;-0.032001;,
  -0.013088;0.540994;-0.032001;,
  -0.013088;0.540994;-0.032001;,
  -0.013088;0.540994;-0.032001;,
  -0.011431;0.598793;-0.033880;,
  -0.011431;0.598793;-0.033880;,
  -0.011431;0.598793;-0.033880;,
  -0.011431;0.598793;-0.033880;,
  -0.011431;0.598793;-0.033880;,
  -0.011431;0.598793;-0.033880;,
  -0.011431;0.598793;-0.033880;,
  0.026492;0.599146;-0.030375;,
  0.026492;0.599146;-0.030375;,
  0.026492;0.599146;-0.030375;,
  0.026492;0.599146;-0.030375;,
  0.026492;0.599146;-0.030375;,
  0.026492;0.599146;-0.030375;,
  0.048295;0.600834;-0.004998;,
  0.048295;0.600834;-0.004998;,
  0.048295;0.600834;-0.004998;,
  0.048295;0.600834;-0.004998;,
  0.048295;0.600834;-0.004998;,
  0.047107;0.596376;0.027155;,
  0.047107;0.596376;0.027155;,
  0.047107;0.596376;0.027155;,
  0.047107;0.596376;0.027155;,
  -0.008622;0.593960;0.051602;,
  -0.008622;0.593960;0.051602;,
  0.067442;0.770561;0.002875;,
  0.068729;0.729877;0.049584;,
  0.068729;0.729877;0.049584;,
  0.068729;0.729877;0.049584;,
  0.072636;0.734895;0.046244;,
  0.072636;0.734895;0.046244;,
  0.072725;0.728167;0.041346;,
  0.072725;0.728167;0.041346;,
  0.072725;0.728167;0.041346;,
  0.072725;0.728167;0.041346;,
  0.068804;0.713590;0.004509;,
  0.068804;0.713590;0.004509;,
  0.063159;0.721251;-0.022474;,
  0.063159;0.721251;-0.022474;,
  0.063159;0.721251;-0.022474;,
  0.063159;0.721251;-0.022474;,
  0.063159;0.721251;-0.022474;,
  0.080133;0.716627;-0.008484;,
  0.080133;0.716627;-0.008484;,
  0.021423;0.807719;-0.015067;,
  0.021423;0.807719;-0.015067;,
  0.021423;0.807719;-0.015067;,
  0.021423;0.807719;-0.015067;,
  0.021423;0.807719;-0.015067;,
  0.021423;0.807719;-0.015067;,
  0.021423;0.807719;-0.015067;,
  -0.066768;0.768891;-0.025664;,
  -0.066768;0.768891;-0.025664;,
  -0.048565;0.775071;0.034307;,
  -0.048565;0.775071;0.034307;,
  -0.048565;0.775071;0.034307;,
  -0.048565;0.775071;0.034307;,
  -0.075527;0.779225;0.026003;,
  -0.075527;0.779225;0.026003;,
  -0.075527;0.779225;0.026003;,
  -0.062422;0.786042;0.004937;,
  -0.062422;0.786042;0.004937;,
  -0.078865;0.553213;0.050122;,
  -0.078865;0.553213;0.050122;,
  -0.078865;0.553213;0.050122;,
  -0.078865;0.553213;0.050122;,
  -0.078865;0.553213;0.050122;,
  -0.078865;0.553213;0.050122;,
  -0.071713;0.576254;0.037616;,
  -0.071713;0.576254;0.037616;,
  -0.071713;0.576254;0.037616;,
  -0.071713;0.576254;0.037616;,
  -0.071713;0.576254;0.037616;,
  -0.042116;0.578961;0.058600;,
  -0.042116;0.578961;0.058600;,
  -0.042116;0.578961;0.058600;,
  -0.042116;0.578961;0.058600;,
  -0.042116;0.578961;0.058600;,
  -0.045781;0.564127;0.072759;,
  -0.045781;0.564127;0.072759;,
  -0.045781;0.564127;0.072759;,
  -0.045781;0.564127;0.072759;,
  -0.045781;0.564127;0.072759;,
  -0.082966;0.561980;0.002856;,
  -0.082966;0.561980;0.002856;,
  -0.082966;0.561980;0.002856;,
  -0.082966;0.561980;0.002856;,
  -0.082966;0.561980;0.002856;,
  -0.082966;0.561980;0.002856;,
  -0.091347;0.533092;0.012278;,
  -0.091347;0.533092;0.012278;,
  -0.091347;0.533092;0.012278;,
  -0.063638;0.544604;-0.021569;,
  -0.063638;0.544604;-0.021569;,
  -0.063638;0.544604;-0.021569;,
  -0.063638;0.544604;-0.021569;,
  -0.063638;0.544604;-0.021569;,
  -0.083382;0.499007;0.000570;,
  -0.083382;0.499007;0.000570;,
  -0.083382;0.499007;0.000570;,
  -0.083382;0.499007;0.000570;,
  -0.083382;0.499007;0.000570;,
