xof 0303txt 0032
template XSkinMeshHeader {
 <3cf169ce-ff7c-44ab-93c0-f78f62d172e2>
 WORD nMaxSkinWeightsPerVertex;
 WORD nMaxSkinWeightsPerFace;
 WORD nBones;
}

template VertexDuplicationIndices {
 <b8d65549-d7c9-4995-89cf-53a9a8b031e3>
 DWORD nIndices;
 DWORD nOriginalVertices;
 array DWORD indices[nIndices];
}

template SkinWeights {
 <6f0d123b-bad2-4167-a0d0-80224f25fabb>
 STRING transformNodeName;
 DWORD nWeights;
 array DWORD vertexIndices[nWeights];
 array FLOAT weights[nWeights];
 Matrix4x4 matrixOffset;
}

template AnimTicksPerSecond {
 <9e415a43-7ba6-4a73-8743-b73d47e88476>
 DWORD AnimTicksPerSecond;
}

template VertexElement {
 <f752461c-1e23-48f6-b9f8-8350850f336f>
 DWORD Type;
 DWORD Method;
 DWORD Usage;
 DWORD UsageIndex;
}

template DeclData {
 <bf22e553-292c-4781-9fea-62bd554bdd93>
 DWORD nElements;
 array VertexElement Elements[nElements];
 DWORD nDWords;
 array DWORD data[nDWords];
}


AnimTicksPerSecond {
 4800;
}

Frame Dummy01 {
 

 FrameTransformMatrix {
  1.000000,0.000000,0.000000,0.000000,0.000000,-0.000000,-1.000000,0.000000,0.000000,1.000000,-0.000000,0.000000,0.000000,0.000000,0.000000,1.000000;;
 }

 Frame Bip01 {
  

  FrameTransformMatrix {
   0.338216,0.221703,-0.914581,0.000000,-0.268393,0.954215,0.132058,0.000000,0.901984,0.200803,0.382234,0.000000,-0.000603,-0.013603,0.046578,1.000000;;
  }

  Frame Bip01_Pelvis {
   

   FrameTransformMatrix {
    -0.014425,0.993511,0.112816,0.000000,0.303526,-0.103153,0.947223,0.000000,0.952714,0.047906,-0.300069,0.000000,0.000000,0.000000,0.000000,1.000000;;
   }

   Frame Bip01_Spine {
    

    FrameTransformMatrix {
     0.981829,-0.174390,0.074828,0.000000,0.186395,0.960238,-0.207846,0.000000,-0.035606,0.218017,0.975295,0.000000,0.051301,-0.005345,0.002391,1.000000;;
    }

    Frame Bip01_Spine1 {
     

     FrameTransformMatrix {
      0.961385,-0.002127,0.275198,0.000000,-0.004761,0.999692,0.024360,0.000000,-0.275166,-0.024729,0.961079,0.000000,0.106503,0.000002,-0.000082,1.000000;;
     }

     Frame Bip01_Neck {
      

      FrameTransformMatrix {
       0.847329,0.316069,-0.426771,0.000000,-0.303531,0.947645,0.099188,0.000000,0.435778,0.045493,0.898904,0.000000,0.130493,-0.000001,0.004628,1.000000;;
      }

      Frame Bip01_Head {
       

       FrameTransformMatrix {
        0.900473,-0.187451,0.392442,0.000000,0.298681,0.922441,-0.244730,0.000000,-0.316130,0.337588,0.886621,0.000000,0.033674,-0.000000,0.000000,1.000000;;
       }

       Frame Bip01_HeadNub {
        

        FrameTransformMatrix {
         1.000000,-0.000000,0.000000,0.000000,-0.000000,1.000000,-0.000000,0.000000,-0.000000,0.000000,1.000000,0.000000,0.169824,0.000000,0.000000,1.000000;;
        }
       }
      }

      Frame Bip01_L_Clavicle {
       

       FrameTransformMatrix {
        -0.047949,0.979503,0.195637,0.000000,0.863620,-0.057754,0.500825,0.000000,0.501858,0.192970,-0.843149,0.000000,-0.013405,0.021723,-0.013909,1.000000;;
       }

       Frame Bip01_L_UpperArm {
        

        FrameTransformMatrix {
         0.928505,-0.290238,-0.231605,0.000000,-0.102026,0.400316,-0.910680,0.000000,0.357029,0.869201,0.342083,0.000000,0.087086,0.000000,-0.000000,1.000000;;
        }

        Frame Bip01_L_Forearm {
         

         FrameTransformMatrix {
          0.643376,-0.000000,-0.765550,0.000000,0.000000,1.000000,-0.000000,0.000000,0.765550,-0.000000,0.643376,0.000000,0.137062,-0.000000,0.000000,1.000000;;
         }

         Frame Bip01_L_Hand {
          

          FrameTransformMatrix {
           0.969996,-0.197088,-0.142351,0.000000,0.156246,0.056768,0.986085,0.000000,-0.186265,-0.978741,0.085859,0.000000,0.137062,0.000000,0.000000,1.000000;;
          }

          Frame Bip01_L_Finger0 {
           

           FrameTransformMatrix {
            0.556874,-0.020367,0.830347,0.000000,0.558537,0.749101,-0.356210,0.000000,-0.614759,0.662144,0.428531,0.000000,0.057681,-0.023605,-0.000272,1.000000;;
           }

           Frame Bip01_L_Finger0Nub {
            

            FrameTransformMatrix {
             1.000000,-0.000000,0.000000,0.000000,0.000000,1.000000,-0.000000,0.000000,0.000000,-0.000000,1.000000,0.000000,0.029435,0.000000,0.000000,1.000000;;
            }
           }
          }

          Frame Bip01_L_Finger1 {
           

           FrameTransformMatrix {
            0.963133,-0.000214,0.269027,0.000000,-0.000000,1.000000,0.000796,0.000000,-0.269027,-0.000767,0.963132,0.000000,0.084102,0.000000,-0.000000,1.000000;;
           }

           Frame Bip01_L_Finger1Nub {
            

            FrameTransformMatrix {
             1.000000,-0.000000,0.000000,0.000000,0.000000,1.000000,0.000000,0.000000,0.000000,0.000000,1.000000,0.000000,0.047988,0.000000,0.000000,1.000000;;
            }
           }
          }
         }
        }
       }
      }

      Frame Bip01_R_Clavicle {
       

       FrameTransformMatrix {
        -0.293378,-0.953291,-0.071876,0.000000,-0.850485,0.294595,-0.435762,0.000000,0.436582,-0.066713,-0.897187,0.000000,-0.023338,-0.008061,-0.015339,1.000000;;
       }

       Frame Bip01_R_UpperArm {
        

        FrameTransformMatrix {
         0.625752,0.776724,-0.071660,0.000000,-0.289504,0.316572,0.903311,0.000000,0.724308,-0.544502,0.422960,0.000000,0.087086,0.000000,-0.000000,1.000000;;
        }

        Frame Bip01_R_Forearm {
         

         FrameTransformMatrix {
          -0.457206,0.000000,-0.889361,0.000000,0.000000,1.000000,0.000000,0.000000,0.889361,0.000000,-0.457206,0.000000,0.137062,0.000000,0.000000,1.000000;;
         }

         Frame Bip01_R_Hand {
          

          FrameTransformMatrix {
           0.990950,0.003186,-0.134192,0.000000,-0.125973,-0.323140,-0.937929,0.000000,-0.046351,0.946346,-0.319815,0.000000,0.137062,0.000000,0.000000,1.000000;;
          }

          Frame Bip01_R_Finger0 {
           

           FrameTransformMatrix {
            0.556874,0.020367,0.830347,0.000000,-0.558537,0.749101,0.356210,0.000000,-0.614759,-0.662144,0.428531,0.000000,0.057681,0.023605,-0.000272,1.000000;;
           }

           Frame Bip01_R_Finger0Nub {
            

            FrameTransformMatrix {
             -1.000000,0.000000,0.000000,0.000000,-0.000000,1.000000,-0.000000,0.000000,0.000000,0.000000,-1.000000,0.000000,0.029435,0.000000,0.000000,1.000000;;
            }
           }
          }

          Frame Bip01_R_Finger1 {
           

           FrameTransformMatrix {
            0.864703,0.000400,0.502282,0.000000,-0.000000,1.000000,-0.000796,0.000000,-0.502283,0.000689,0.864703,0.000000,0.084102,0.000000,0.000000,1.000000;;
           }

           Frame Bip01_R_Finger1Nub {
            

            FrameTransformMatrix {
             -1.000000,0.000000,0.000000,0.000000,0.000000,1.000000,0.000000,0.000000,0.000000,0.000000,-1.000000,0.000000,0.047988,0.000000,-0.000000,1.000000;;
            }
           }
          }
         }
        }
       }
      }
     }

     Frame Bip01_BackPack {
      

      FrameTransformMatrix {
       0.180560,0.080500,-0.980264,0.000000,0.047560,0.994765,0.090451,0.000000,0.982413,-0.062954,0.175786,0.000000,0.063697,0.000003,-0.088856,1.000000;;
      }

      Frame Bip01_BackPackNub {
       

       FrameTransformMatrix {
        0.000796,0.000003,1.000000,0.000000,-0.000000,-1.000000,0.000003,0.000000,1.000000,-0.000000,-0.000796,0.000000,0.053240,-0.000000,0.000000,1.000000;;
       }
      }
     }
    }

    Frame Bip01_L_Thigh {
     

     FrameTransformMatrix {
      -0.982323,0.163837,0.090554,0.000000,-0.174032,-0.977479,-0.119363,0.000000,0.068958,-0.133012,0.988713,0.000000,-0.061111,0.049096,0.012700,1.000000;;
     }

     Frame Bip01_L_Calf {
      

      FrameTransformMatrix {
       0.936378,0.000000,-0.350995,0.000000,-0.000000,1.000000,-0.000000,0.000000,0.350995,-0.000000,0.936377,0.000000,0.237500,0.000000,0.000000,1.000000;;
      }

      Frame Bip01_L_Foot {
       

       FrameTransformMatrix {
        0.976931,0.208845,-0.044612,0.000000,-0.174454,0.900935,0.397343,0.000000,0.123176,-0.380394,0.916585,0.000000,0.206841,-0.000000,0.000000,1.000000;;
       }

       Frame Bip01_L_Toe0 {
        

        FrameTransformMatrix {
         -0.672770,-0.067730,0.736745,0.000000,-0.409983,0.863056,-0.295040,0.000000,-0.615869,-0.500547,-0.608406,0.000000,0.065373,0.000000,0.066450,1.000000;;
        }

        Frame Bip01_L_Toe0Nub {
         

         FrameTransformMatrix {
          -1.000000,0.000000,0.000000,0.000000,0.000000,1.000000,-0.000000,0.000000,-0.000000,-0.000000,-1.000000,0.000000,0.006735,0.000000,0.000000,1.000000;;
         }
        }
       }
      }
     }
    }

    Frame Bip01_R_Thigh {
     

     FrameTransformMatrix {
      -0.980207,-0.185961,-0.067909,0.000000,0.179129,-0.979156,0.095739,0.000000,-0.084298,0.081680,0.993087,0.000000,-0.041849,-0.056963,-0.011380,1.000000;;
     }

     Frame Bip01_R_Calf {
      

      FrameTransformMatrix {
       0.946148,0.000000,-0.323735,0.000000,0.000000,1.000000,0.000000,0.000000,0.323735,0.000000,0.946148,0.000000,0.237500,-0.000000,-0.000000,1.000000;;
      }

      Frame Bip01_R_Foot {
       

       FrameTransformMatrix {
        0.987673,0.148291,-0.050113,0.000000,-0.151205,0.986652,-0.060452,0.000000,0.040480,0.067284,0.996912,0.000000,0.206841,0.000000,0.000000,1.000000;;
       }

       Frame Bip01_R_Toe0 {
        

        FrameTransformMatrix {
         -0.029521,-0.728314,0.684607,0.000000,-0.639477,0.540165,0.547075,0.000000,-0.768243,-0.421640,-0.481687,0.000000,0.065373,0.000000,0.066450,1.000000;;
        }

        Frame Bip01_R_Toe0Nub {
         

         FrameTransformMatrix {
          1.000000,0.000000,0.000000,0.000000,-0.000000,1.000000,0.000000,0.000000,-0.000000,0.000000,1.000000,0.000000,0.006735,0.000000,0.000000,1.000000;;
         }
        }
       }
      }
     }
    }
   }

   Frame Bip01_DressFront {
    

    FrameTransformMatrix {
     -0.983318,0.040431,-0.177344,0.000000,0.037280,0.999083,0.021066,0.000000,0.178033,0.014103,-0.983923,0.000000,-0.043227,0.001461,0.056662,1.000000;;
    }

    Frame Bip01_DressFront02 {
     

     FrameTransformMatrix {
      0.999660,0.025930,-0.002552,0.000000,-0.025568,0.995096,0.095549,0.000000,0.005017,-0.095451,0.995422,0.000000,0.183324,0.000013,-0.000131,1.000000;;
     }

     Frame Bip01_DressFrontNub {
      

      FrameTransformMatrix {
       0.000796,0.000003,1.000000,0.000000,0.000000,-1.000000,0.000003,0.000000,1.000000,0.000000,-0.000796,0.000000,0.165302,0.000000,0.000000,1.000000;;
      }
     }
    }
   }

   Frame Bip01_DressBack {
    

    FrameTransformMatrix {
     -0.990890,0.121831,0.057395,0.000000,0.127464,0.985981,0.107677,0.000000,-0.043472,0.114011,-0.992528,0.000000,-0.047726,-0.000016,-0.078280,1.000000;;
    }

    Frame Bip01_DressBack02 {
     

     FrameTransformMatrix {
      0.988615,0.121618,-0.088600,0.000000,-0.114028,0.989730,0.086211,0.000000,0.098175,-0.075127,0.992329,0.000000,0.176148,0.000008,-0.000108,1.000000;;
     }

     Frame Bip01_DressBackNub {
      

      FrameTransformMatrix {
       0.000796,0.000003,1.000000,0.000000,0.000000,-1.000000,0.000003,0.000000,1.000000,-0.000000,-0.000796,0.000000,0.136509,-0.000000,0.000000,1.000000;;
      }
     }
    }
   }
  }

  Frame Bip01_Prop1 {
   

   FrameTransformMatrix {
    0.422404,-0.045727,-0.905253,0.000000,0.725946,-0.580963,0.368083,0.000000,-0.542750,-0.812645,-0.212206,0.000000,0.040939,0.120939,-0.074975,1.000000;;
   }
  }

  Frame Bip01_Prop2 {
   

   FrameTransformMatrix {
    -0.073895,0.286878,0.955113,0.000000,0.997075,0.040016,0.065122,0.000000,-0.019538,0.957131,-0.288996,0.000000,0.132571,0.023464,0.177740,1.000000;;
   }
  }
 }
}

Frame Translation_Data {
 

 FrameTransformMatrix {
  1.000000,0.000000,0.000000,0.000000,0.000000,-0.000000,-1.000000,0.000000,0.000000,1.000000,-0.000000,0.000000,0.000000,0.000000,0.000000,1.000000;;
 }
}

Frame Body {
 

 FrameTransformMatrix {
  1.000000,0.000000,0.000000,0.000000,0.000000,1.000000,0.000000,0.000000,0.000000,0.000000,1.000000,0.000000,0.000000,0.000000,0.000000,1.000000;;
 }

 Mesh Body {
  617;
  -0.008728;0.028505;-0.250135;,
  -0.053295;0.037907;-0.266269;,
  -0.035735;0.027536;-0.239274;,
  0.005385;0.031168;-0.233901;,
  0.019194;0.045092;-0.226457;,
  -0.015172;0.017174;-0.211194;,
  0.005953;0.022257;-0.185815;,
  0.029597;0.062001;-0.198221;,
  -0.068884;0.071414;-0.285488;,
  -0.019223;0.069013;-0.277031;,
  -0.022988;0.107701;-0.279974;,
  -0.057075;0.107672;-0.274852;,
  0.071597;0.099598;-0.039816;,
  0.030762;0.119640;-0.023901;,
  0.025287;0.117211;-0.038242;,
  0.059223;0.100158;-0.051377;,
  0.058564;0.045359;-0.062500;,
  0.076621;0.057184;-0.033082;,
  0.035051;0.011461;-0.059199;,
  0.041156;0.009732;-0.002195;,
  0.067184;0.022840;-0.014191;,
  -0.052200;0.002755;-0.200877;,
  -0.040777;-0.000356;-0.169138;,
  -0.009889;0.115636;-0.013129;,
  -0.015859;0.111683;-0.028253;,
  -0.019835;0.141085;-0.141255;,
  -0.068605;0.129525;-0.126616;,
  -0.082388;0.132962;-0.167609;,
  -0.029686;0.145100;-0.186172;,
  0.076106;0.003533;0.031921;,
  0.131334;-0.007830;0.114384;,
  0.162093;0.027131;0.105054;,
  0.104153;0.045441;0.027029;,
  0.177942;-0.022096;0.198949;,
  0.196510;0.026805;0.192433;,
  0.033996;0.016016;0.056850;,
  0.019253;0.101047;0.084676;,
  0.084013;0.082147;0.154143;,
  0.087026;0.007332;0.141297;,
  0.142476;0.053868;0.219203;,
  0.148083;0.012194;0.218240;,
  0.100448;0.098478;0.058502;,
  0.154502;0.090279;0.117305;,
  0.176875;0.061751;0.198733;,
  0.283906;0.097197;0.446654;,
  0.252792;0.067855;0.460652;,
  0.225843;0.108488;0.458195;,
  0.251687;0.129228;0.447381;,
  0.199783;0.009557;0.252501;,
  0.229465;0.023604;0.318928;,
  0.248587;0.057489;0.306011;,
  0.220566;0.043850;0.238108;,
  0.266375;0.041600;0.389138;,
  0.272371;0.074132;0.380685;,
  0.165473;0.027102;0.285960;,
  0.146923;0.076813;0.268890;,
  0.182125;0.080961;0.324409;,
  0.198485;0.042328;0.333009;,
  0.232738;0.082301;0.383338;,
  0.246482;0.054623;0.400557;,
  0.206387;0.090531;0.230096;,
  0.236954;0.093359;0.298028;,
  0.251135;0.089314;0.369137;,
  0.087330;0.057268;-0.005115;,
  0.002524;-0.006260;0.009429;,
  0.007839;0.000990;0.045559;,
  0.033996;0.016016;0.056850;,
  0.087826;0.109642;0.010386;,
  0.037853;0.129387;0.024341;,
  0.093748;0.101551;0.051931;,
  0.047512;0.117355;0.065984;,
  -0.002925;0.129403;-0.092594;,
  0.014306;0.133686;-0.150803;,
  0.027851;0.121102;-0.160575;,
  0.035434;0.068826;-0.167474;,
  0.036567;0.064801;-0.114792;,
  0.032293;0.114280;-0.106199;,
  0.014511;0.025046;-0.159251;,
  0.023725;0.030538;-0.109602;,
  -0.034352;0.003154;-0.148394;,
  -0.018510;0.012145;-0.092366;,
  0.036475;0.021364;-0.210114;,
  0.030209;0.073983;-0.200757;,
  0.083723;0.007463;-0.198312;,
  0.086573;0.063911;-0.178424;,
  0.133765;0.052039;-0.171344;,
  0.132295;0.006043;-0.186874;,
  0.062846;0.090693;-0.249414;,
  0.111683;0.083201;-0.236414;,
  0.086573;0.063911;-0.178424;,
  0.163452;0.065865;-0.211603;,
  0.133765;0.052039;-0.171344;,
  0.064602;0.085143;-0.259137;,
  0.062269;0.041109;-0.267502;,
  0.108586;0.026720;-0.256515;,
  0.162139;0.019994;-0.227042;,
  0.046470;0.022888;-0.238291;,
  0.131932;-0.003242;-0.170714;,
  0.134526;0.050516;-0.150620;,
  0.160640;0.024933;-0.102188;,
  0.157673;-0.008497;-0.117056;,
  0.181594;0.011817;-0.071397;,
  0.182665;-0.014186;-0.073972;,
  0.134526;0.050516;-0.150620;,
  0.189031;0.059954;-0.181195;,
  0.209710;0.025148;-0.131616;,
  0.160640;0.024933;-0.102188;,
  0.217239;0.008528;-0.087743;,
  0.181594;0.011817;-0.071397;,
  0.186432;0.006517;-0.201272;,
  0.206991;-0.000436;-0.143111;,
  0.216643;-0.009670;-0.089729;,
  0.205895;-0.002405;0.054737;,
  0.201253;0.013902;0.040722;,
  0.242103;0.017796;0.015526;,
  0.246162;0.001694;0.029504;,
  0.186482;0.024655;0.000398;,
  0.196074;0.021639;0.005368;,
  0.192145;0.013168;0.011189;,
  0.179165;0.019701;0.008015;,
  0.227173;0.018798;-0.053164;,
  0.237947;0.006078;-0.019728;,
  0.186079;-0.001841;-0.014042;,
  0.178966;0.018947;-0.040989;,
  0.227975;-0.018878;-0.056521;,
  0.240016;-0.012623;-0.013089;,
  0.177354;-0.019668;-0.044733;,
  0.190012;-0.020518;-0.008370;,
  0.017665;0.067878;-0.275808;,
  0.022739;0.038477;-0.274057;,
  -0.019223;0.069013;-0.277031;,
  -0.014825;0.045184;-0.270413;,
  0.007902;0.139108;-0.200708;,
  -0.050318;0.050506;-0.281397;,
  0.018174;0.020430;-0.252028;,
  -0.008728;0.028505;-0.250135;,
  0.005385;0.031168;-0.233901;,
  0.020701;0.033827;-0.220677;,
  0.006185;0.124559;-0.250161;,
  -0.038309;0.134020;-0.228051;,
  0.008884;0.120221;-0.254890;,
  -0.090776;0.121692;-0.206289;,
  -0.097012;0.089707;-0.256737;,
  -0.022988;0.107701;-0.279974;,
  0.008884;0.120221;-0.254890;,
  0.013193;0.069850;-0.220198;,
  0.015475;0.111247;-0.243341;,
  0.030209;0.073983;-0.200757;,
  0.020128;0.109675;-0.198896;,
  0.024823;0.075356;-0.194392;,
  0.019194;0.045092;-0.226457;,
  0.019562;0.126004;-0.202863;,
  0.178966;0.018947;-0.040989;,
  -0.073382;0.089420;-0.290335;,
  -0.057259;0.074723;-0.295305;,
  -0.097260;0.067299;-0.279623;,
  -0.100270;0.087381;-0.288115;,
  0.190012;-0.020518;-0.008370;,
  0.205895;-0.002405;0.054737;,
  0.246162;0.001694;0.029504;,
  0.180020;0.021166;-0.018157;,
  0.169439;0.004863;-0.001033;,
  0.180020;0.021166;-0.018157;,
  0.193537;0.012300;-0.010709;,
  0.186371;-0.009572;-0.001990;,
  0.186371;-0.009572;-0.001990;,
  0.186482;0.024655;0.000398;,
  0.179165;0.019701;0.008015;,
  0.192145;0.013168;0.011189;,
  0.332473;0.037130;0.425554;,
  0.333796;-0.010112;0.438954;,
  0.343624;-0.010963;0.456332;,
  0.346118;0.039471;0.444508;,
  0.222215;0.090969;0.427811;,
  0.225843;0.108488;0.458195;,
  0.252792;0.067855;0.460652;,
  0.247690;0.059796;0.437411;,
  0.232738;0.082301;0.383338;,
  0.251135;0.089314;0.369137;,
  0.252454;0.114877;0.412029;,
  0.283906;0.097197;0.446654;,
  0.251687;0.129228;0.447381;,
  0.278339;0.088584;0.413136;,
  0.266375;0.041600;0.389138;,
  0.272371;0.074132;0.380685;,
  0.311235;-0.023898;0.466993;,
  0.307588;-0.017928;0.450192;,
  0.346118;0.039471;0.444508;,
  0.311235;-0.023898;0.466993;,
  0.087026;0.007332;0.141297;,
  0.148083;0.012194;0.218240;,
  0.165473;0.027102;0.285960;,
  0.198485;0.042328;0.333009;,
  0.246482;0.054623;0.400557;,
  0.246482;0.054623;0.400557;,
  0.008009;0.048091;0.067589;,
  -0.044268;0.068257;-0.310717;,
  -0.040494;0.047354;-0.307659;,
  -0.047417;0.044010;-0.299477;,
  -0.057843;0.056591;-0.296714;,
  -0.066837;0.083914;-0.325669;,
  -0.086161;0.096986;-0.331850;,
  -0.087806;0.043430;-0.442679;,
  -0.105033;0.032921;-0.443761;,
  -0.088281;0.010059;-0.434388;,
  -0.038010;0.011868;-0.384605;,
  -0.051001;0.016578;-0.410907;,
  -0.048333;-0.002798;-0.381277;,
  -0.047358;0.074042;-0.338357;,
  -0.037907;0.047478;-0.328867;,
  -0.052484;0.074815;-0.320635;,
  -0.062493;0.088934;-0.371113;,
  -0.052309;0.070167;-0.383203;,
  -0.057112;0.064448;-0.419658;,
  -0.049891;0.037496;-0.418395;,
  -0.040966;0.045514;-0.380750;,
  -0.095192;0.112446;-0.376996;,
  -0.073905;0.101150;-0.372817;,
  -0.133604;0.100947;-0.370068;,
  -0.136157;0.089400;-0.417919;,
  -0.103219;0.098354;-0.422704;,
  -0.036629;0.046896;-0.358506;,
  -0.035293;0.019548;-0.353250;,
  -0.036460;0.030895;-0.319153;,
  -0.037447;0.013491;-0.293675;,
  -0.047947;-0.004831;-0.287796;,
  -0.058619;0.012970;-0.283772;,
  -0.063178;0.021391;-0.428253;,
  -0.069704;0.054411;-0.435963;,
  -0.080230;0.090535;-0.424534;,
  -0.090236;0.075676;-0.440057;,
  -0.124853;0.064504;-0.440842;,
  -0.108934;0.071783;-0.441855;,
  -0.119840;0.091501;-0.333523;,
  -0.080230;0.090535;-0.424534;,
  -0.090236;0.075676;-0.440057;,
  -0.042386;0.076825;-0.342147;,
  -0.048515;0.097414;-0.368931;,
  -0.052158;0.087585;-0.387469;,
  -0.051678;0.079692;-0.368485;,
  -0.048515;0.097414;-0.368931;,
  -0.042386;0.076825;-0.342147;,
  -0.052158;0.087585;-0.387469;,
  -0.052309;0.070167;-0.383203;,
  -0.043546;0.065020;-0.360180;,
  -0.047358;0.074042;-0.338357;,
  -0.039942;0.019151;-0.375012;,
  -0.043546;0.065020;-0.360180;,
  -0.050318;0.050506;-0.281397;,
  -0.057259;0.074723;-0.295305;,
  -0.014825;0.045184;-0.270413;,
  -0.066837;0.083914;-0.325669;,
  -0.070476;0.013263;-0.248107;,
  -0.062222;0.010270;-0.224921;,
  -0.006290;0.002394;-0.049739;,
  -0.003075;0.125691;0.033530;,
  0.002844;0.116305;0.065988;,
  0.014239;0.102689;0.089773;,
  -0.072885;0.024528;-0.289679;,
  0.008009;0.048091;0.067589;,
  -0.108934;0.071783;-0.441855;,
  -0.124853;0.064504;-0.440842;,
  -0.040502;0.009151;-0.325228;,
  -0.047671;-0.000874;-0.346905;,
  -0.045436;-0.000929;-0.337513;,
  -0.079937;-0.000249;-0.426382;,
  -0.068669;-0.011185;-0.406362;,
  -0.053106;0.003942;-0.371213;,
  -0.046730;0.118197;-0.078440;,
  -0.014825;0.045184;-0.270413;,
  0.343624;-0.010963;0.456332;,
  -0.039787;0.009062;-0.318655;,
  -0.042066;-0.000908;-0.316063;,
  -0.045084;0.002022;-0.320356;,
  -0.049997;-0.019931;-0.344222;,
  -0.053178;-0.011986;-0.334870;,
  -0.043568;-0.002191;-0.324672;,
  -0.054526;-0.004660;-0.318684;,
  -0.050100;-0.009561;-0.312687;,
  -0.058656;-0.017465;-0.377949;,
  -0.058787;-0.014150;-0.368335;,
  0.015475;0.111247;-0.243341;,
  -0.051071;-0.011456;-0.323173;,
  0.005704;0.086157;-0.223675;,
  0.013193;0.069850;-0.220198;,
  0.019194;0.045092;-0.226457;,
  -0.073905;0.101150;-0.372817;,
  0.199783;0.009557;0.252501;,
  0.122460;-0.010189;0.270644;,
  0.156562;0.001458;0.339459;,
  0.229465;0.023604;0.318928;,
  0.177942;-0.022096;0.198949;,
  0.112513;-0.023950;0.214358;,
  0.131334;-0.007830;0.114384;,
  0.066082;-0.015756;0.132715;,
  0.076106;0.003533;0.031921;,
  0.030884;-0.013002;0.051739;,
  0.041156;0.009732;-0.002195;,
  0.181492;0.005681;0.407409;,
  0.266375;0.041600;0.389138;,
  0.179584;0.100848;0.330318;,
  0.212039;0.109440;0.391393;,
  0.121880;0.065121;0.423957;,
  0.096749;0.074888;0.357713;,
  0.073151;0.077397;0.295123;,
  0.147974;0.091371;0.267803;,
  0.050877;0.085462;0.240984;,
  0.131215;0.081865;0.226130;,
  0.080963;0.096469;0.157227;,
  0.029855;0.102141;0.159944;,
  0.009903;0.112188;0.092496;,
  0.005704;0.086157;-0.223675;,
  -0.133815;0.000386;-0.221771;,
  -0.137508;-0.003706;-0.198858;,
  -0.096533;0.008702;-0.219818;,
  -0.104711;0.022152;-0.250560;,
  -0.135732;-0.002588;-0.178771;,
  -0.135708;0.009757;-0.145230;,
  -0.092534;-0.008870;-0.154243;,
  -0.089934;-0.005985;-0.187269;,
  -0.122141;0.055184;-0.269602;,
  -0.142690;0.081151;-0.247455;,
  -0.168957;0.066137;-0.236346;,
  -0.152252;0.040081;-0.246997;,
  -0.092555;0.087790;-0.013300;,
  -0.089160;0.082089;-0.022940;,
  -0.057877;0.107084;-0.022304;,
  -0.052007;0.113686;-0.010531;,
  -0.079557;0.028540;-0.036030;,
  -0.089248;0.045252;-0.006288;,
  -0.049131;0.001210;-0.043066;,
  -0.068690;0.012389;0.008494;,
  -0.039637;0.003921;0.010856;,
  -0.015859;0.111683;-0.028253;,
  -0.009889;0.115636;-0.013129;,
  -0.114548;0.110393;-0.110826;,
  -0.133613;0.112254;-0.152857;,
  -0.082388;0.132962;-0.167609;,
  -0.068605;0.129525;-0.126616;,
  -0.036787;-0.001167;0.056482;,
  -0.079816;0.022496;0.067559;,
  -0.067534;0.002472;0.165747;,
  -0.022750;-0.009406;0.155316;,
  -0.048832;0.012225;0.257281;,
  -0.005982;-0.017849;0.250552;,
  0.002555;0.038813;0.053395;,
  0.011852;0.031993;0.152823;,
  -0.021468;0.099451;0.163335;,
  -0.004588;0.099332;0.088528;,
  0.004561;0.030468;0.250864;,
  -0.014289;0.068143;0.249921;,
  -0.091552;0.062195;0.172930;,
  -0.087939;0.078119;0.093186;,
  -0.051866;0.052487;0.252623;,
  -0.046898;0.082624;0.519581;,
  -0.057119;0.125683;0.509284;,
  -0.024569;0.137987;0.511312;,
  -0.003870;0.095347;0.523005;,
  -0.012120;0.012867;0.307986;,
  -0.052130;0.027436;0.309411;,
  -0.045334;0.043996;0.381948;,
  -0.007393;0.028560;0.380252;,
  -0.034031;0.064840;0.456670;,
  -0.005303;0.045912;0.459441;,
  0.017720;0.053195;0.317350;,
  0.010063;0.062930;0.375504;,
  -0.004443;0.100586;0.361160;,
  -0.005574;0.098791;0.295325;,
  0.000490;0.076218;0.464343;,
  -0.012389;0.096256;0.440484;,
  -0.061203;0.077247;0.370622;,
  -0.072266;0.070901;0.297175;,
  -0.034497;0.086314;0.437275;,
  -0.090558;0.044471;0.023620;,
  0.002555;0.038813;0.053395;,
  -0.044915;0.123433;0.037712;,
  -0.093475;0.096600;0.039672;,
  -0.044519;0.113645;0.077329;,
  -0.086271;0.084287;0.083065;,
  -0.089903;0.103129;-0.066104;,
  -0.138032;0.084320;-0.101861;,
  -0.145385;0.064963;-0.104919;,
  -0.113285;0.070304;-0.061862;,
  -0.095057;0.025040;-0.074705;,
  -0.126023;0.016505;-0.115601;,
  -0.065878;0.003470;-0.082313;,
  -0.084463;-0.007027;-0.127453;,
  -0.154958;-0.008409;-0.175245;,
  -0.176594;-0.019770;-0.130886;,
  -0.146275;0.044620;-0.178102;,
  -0.211467;-0.016731;-0.093527;,
  -0.204592;0.030872;-0.087677;,
  -0.166197;0.038281;-0.120308;,
  -0.205091;0.057920;-0.186802;,
  -0.166197;0.038281;-0.120308;,
  -0.227176;0.053094;-0.140985;,
  -0.204592;0.030872;-0.087677;,
  -0.234509;0.037360;-0.073201;,
  -0.213285;0.051584;-0.191399;,
  -0.237569;-0.005017;-0.151886;,
  -0.215958;0.006931;-0.195051;,
  -0.241256;-0.010139;-0.078737;,
  -0.182765;-0.009093;-0.186311;,
  -0.201279;-0.019467;-0.116536;,
  -0.141738;-0.014589;-0.115831;,
  -0.132950;0.020962;-0.113316;,
  -0.191465;0.037021;-0.112919;,
  -0.091890;-0.012735;-0.111363;,
  -0.093949;0.011751;-0.111131;,
  -0.191465;0.037021;-0.112919;,
  -0.132950;0.020962;-0.113316;,
  -0.138061;0.010255;-0.057342;,
  -0.198197;0.034761;-0.050757;,
  -0.093949;0.011751;-0.111131;,
  -0.092722;0.006729;-0.072595;,
  -0.145082;-0.016940;-0.059623;,
  -0.207909;-0.021389;-0.054587;,
  -0.092050;-0.013994;-0.073784;,
  0.028644;0.004597;-0.147384;,
  0.022160;0.015434;-0.101388;,
  0.003467;0.026461;-0.101071;,
  0.009617;0.015634;-0.147586;,
  -0.027491;0.017707;-0.145613;,
  -0.023501;0.010765;-0.154097;,
  -0.014503;0.007545;-0.142700;,
  -0.018621;0.016969;-0.138788;,
  -0.057281;0.024474;-0.085399;,
  -0.067457;0.012078;-0.132462;,
  -0.038673;-0.007411;-0.133172;,
  -0.021669;0.013426;-0.087763;,
  -0.013446;-0.004435;-0.084375;,
  -0.057186;-0.011634;-0.074101;,
  -0.068695;-0.025523;-0.122853;,
  -0.030503;-0.024743;-0.127755;,
  -0.180196;0.035800;-0.240932;,
  -0.176520;0.006140;-0.240082;,
  -0.142803;0.019116;-0.243091;,
  -0.152252;0.040081;-0.246997;,
  -0.163152;0.085047;-0.145875;,
  -0.121407;0.028922;-0.260543;,
  -0.161324;-0.010181;-0.222298;,
  -0.154161;0.001993;-0.195275;,
  -0.137508;-0.003706;-0.198858;,
  -0.133815;0.000386;-0.221771;,
  -0.181185;0.070936;-0.192722;,
  -0.183705;0.065712;-0.196137;,
  -0.143869;0.101320;-0.194271;,
  -0.090776;0.121692;-0.206289;,
  -0.097012;0.089707;-0.256737;,
  -0.168957;0.066137;-0.236346;,
  -0.183705;0.065712;-0.196137;,
  -0.145782;0.024870;-0.174802;,
  -0.146275;0.044620;-0.178102;,
  -0.178621;0.058743;-0.187428;,
  -0.137504;0.024053;-0.142356;,
  -0.154826;0.054382;-0.142812;,
  -0.135732;-0.002588;-0.178771;,
  -0.165150;0.067627;-0.143651;,
  -0.067457;0.012078;-0.132462;,
  -0.121181;0.049061;-0.290600;,
  -0.120671;0.070435;-0.286854;,
  -0.100270;0.087381;-0.288115;,
  -0.097260;0.067299;-0.279623;,
  -0.030503;-0.024743;-0.127755;,
  0.028644;0.004597;-0.147384;,
  0.022160;0.015434;-0.101388;,
  -0.034779;-0.005628;-0.154915;,
  -0.046694;0.013514;-0.142164;,
  -0.046694;0.013514;-0.142164;,
  -0.033459;0.007988;-0.131624;,
  -0.027178;-0.015332;-0.136367;,
  -0.027178;-0.015332;-0.136367;,
  -0.023501;0.010765;-0.154097;,
  -0.027491;0.017707;-0.145613;,
  -0.014503;0.007545;-0.142700;,
  -0.024916;0.005693;0.516361;,
  -0.030752;0.001502;0.538705;,
  0.014911;-0.020473;0.549735;,
  0.016360;-0.017134;0.530086;,
  -0.013033;0.122802;0.481653;,
  0.001661;0.088466;0.499486;,
  -0.003870;0.095347;0.523005;,
  -0.024569;0.137987;0.511312;,
  -0.012389;0.096256;0.440484;,
  -0.051337;0.107328;0.476329;,
  -0.034497;0.086314;0.437275;,
  -0.046898;0.082624;0.519581;,
  -0.042374;0.072910;0.486207;,
  -0.057119;0.125683;0.509284;,
  -0.005303;0.045912;0.459441;,
  -0.034031;0.064840;0.456670;,
  0.038302;0.002572;0.532223;,
  0.044244;0.001196;0.549370;,
  0.044244;0.001196;0.549370;,
  -0.030752;0.001502;0.538705;,
  0.011852;0.031993;0.152823;,
  0.004561;0.030468;0.250864;,
  0.017720;0.053195;0.317350;,
  0.010063;0.062930;0.375504;,
  0.000490;0.076218;0.464343;,
  0.000490;0.076218;0.464343;,
  -0.120528;0.018925;-0.294745;,
  -0.107358;0.036713;-0.293070;,
  -0.094699;0.013424;-0.289575;,
  -0.102546;0.007213;-0.294663;,
  -0.130365;0.042818;-0.312364;,
  -0.136596;0.064360;-0.321288;,
  -0.120356;0.022374;-0.435861;,
  -0.105033;0.032921;-0.443761;,
  -0.094105;-0.024419;-0.372856;,
  -0.076380;-0.020942;-0.375402;,
  -0.101030;-0.015785;-0.400428;,
  -0.109682;0.001047;-0.313835;,
  -0.132428;0.019012;-0.320540;,
  -0.126150;0.027161;-0.305207;,
  -0.149422;0.032701;-0.352907;,
  -0.140025;0.013425;-0.364832;,
  -0.121681;-0.006700;-0.363844;,
  -0.122090;-0.009208;-0.403274;,
  -0.143642;0.008472;-0.401534;,
  -0.156521;0.047706;-0.355515;,
  -0.159886;0.070596;-0.363447;,
  -0.133604;0.100947;-0.370068;,
  -0.157560;0.063201;-0.411323;,
  -0.136157;0.089400;-0.417919;,
  -0.118128;-0.005824;-0.341438;,
  -0.092761;-0.005525;-0.307362;,
  -0.092918;-0.017729;-0.341181;,
  -0.069701;-0.007373;-0.286920;,
  -0.105779;-0.006168;-0.419330;,
  -0.134803;0.012299;-0.422328;,
  -0.147241;0.038801;-0.428118;,
  -0.159619;0.039179;-0.407907;,
  -0.137436;0.053345;-0.435886;,
  -0.124853;0.064504;-0.440842;,
  -0.119840;0.091501;-0.333523;,
  -0.159619;0.039179;-0.407907;,
  -0.147241;0.038801;-0.428118;,
  -0.137804;0.015100;-0.322164;,
  -0.144468;0.019667;-0.349052;,
  -0.156714;0.019949;-0.365572;,
  -0.161439;0.024365;-0.345281;,
  -0.137804;0.015100;-0.322164;,
  -0.161439;0.024365;-0.345281;,
  -0.156714;0.019949;-0.365572;,
  -0.140025;0.013425;-0.364832;,
  -0.132099;0.007736;-0.341634;,
  -0.132428;0.019012;-0.320540;,
  -0.097090;-0.017818;-0.363043;,
  -0.132099;0.007736;-0.341634;,
  -0.121181;0.049061;-0.290600;,
  -0.121407;0.028922;-0.260543;,
  -0.142803;0.019116;-0.243091;,
  -0.130365;0.042818;-0.312364;,
  -0.003075;0.125691;0.033530;,
  0.002844;0.116305;0.065988;,
  0.014239;0.102689;0.089773;,
  0.008009;0.048091;0.067589;,
  -0.137436;0.053345;-0.435886;,
  -0.124853;0.064504;-0.440842;,
  -0.073777;-0.012373;-0.318260;,
  -0.066563;-0.014596;-0.333088;,
  -0.068481;-0.014336;-0.342547;,
  -0.077706;-0.011972;-0.366061;,
  -0.046730;0.118197;-0.078440;,
  -0.142803;0.019116;-0.243091;,
  0.014911;-0.020473;0.549735;,
  -0.061676;-0.013594;-0.311955;,
  -0.072077;-0.011827;-0.311892;,
  -0.064389;-0.010466;-0.316312;,
  -0.062455;-0.014409;-0.320716;,
  -0.178621;0.058743;-0.187428;,
  -0.148634;0.042419;-0.179617;,
  -0.145782;0.024870;-0.174802;,
  -0.135732;-0.002588;-0.178771;,
  -0.156521;0.047706;-0.355515;,
  0.034154;0.002022;0.291394;,
  0.036836;0.009959;0.368161;,
  0.091161;-0.000820;0.354784;,
  0.072507;-0.004354;0.279615;,
  0.024825;-0.007900;0.235480;,
  0.057384;-0.011504;0.224958;,
  0.018705;0.000565;0.141644;,
  0.036261;-0.007207;0.137114;,
  0.008321;0.001144;0.052978;,
  0.016311;-0.008329;0.053729;,
  0.002524;-0.006260;0.009429;,
  -0.039637;0.003921;0.010856;,
  0.046190;0.014664;0.439677;,
  0.107851;-0.001603;0.418822;,
  0.005554;0.127389;0.438852;,
  -0.034485;0.086320;0.437273;,
  -0.061203;0.077247;0.370622;,
  -0.003556;0.115433;0.365983;,
  -0.072266;0.070901;0.297175;,
  -0.018443;0.109961;0.298537;,
  -0.020508;0.102292;0.249157;,
  -0.051866;0.052487;0.252623;,
  -0.091552;0.062195;0.172930;,
  -0.026503;0.116069;0.165563;,
  0.002844;0.116305;0.065988;,
  -0.044519;0.113645;0.077329;,
  -0.148634;0.042419;-0.179617;,
  -0.036787;-0.001167;0.056482;,
  -0.022750;-0.009406;0.155316;,
  -0.005982;-0.017849;0.250552;,
  -0.012120;0.012867;0.307986;,
  -0.007393;0.028560;0.380252;,
  -0.005303;0.045912;0.459441;,
  0.154502;0.090279;0.117305;,
  0.047512;0.117355;0.065983;,
  0.100448;0.098478;0.058502;,
  0.176875;0.061751;0.198733;,
  0.206387;0.090531;0.230096;,
  0.236954;0.093359;0.298028;,
  0.251135;0.089314;0.369137;,
  -0.087939;0.078119;0.093186;;
  916;
  3;0,2,1;,
  3;2,0,3;,
  3;4,6,5;,
  3;6,4,7;,
  3;8,10,9;,
  3;10,8,11;,
  3;12,14,13;,
  3;14,12,15;,
  3;16,12,17;,
  3;12,16,15;,
  3;18,20,19;,
  3;20,18,16;,
  3;5,22,21;,
  3;22,5,6;,
  3;13,24,23;,
  3;24,13,14;,
  3;25,27,26;,
  3;27,25,28;,
  3;29,31,30;,
  3;31,29,32;,
  3;31,33,30;,
  3;33,31,34;,
  3;35,37,36;,
  3;37,35,38;,
  3;38,39,37;,
  3;39,38,40;,
  3;36,42,41;,
  3;42,36,37;,
  3;37,43,42;,
  3;43,37,39;,
  3;41,31,32;,
  3;31,41,42;,
  3;42,34,31;,
  3;34,42,43;,
  3;44,46,45;,
  3;46,44,47;,
  3;48,50,49;,
  3;50,48,51;,
  3;49,53,52;,
  3;53,49,50;,
  3;54,56,55;,
  3;56,54,57;,
  3;57,58,56;,
  3;58,57,59;,
  3;55,61,60;,
  3;61,55,56;,
  3;56,62,61;,
  3;62,56,58;,
  3;60,50,51;,
  3;50,60,61;,
  3;61,53,50;,
  3;53,61,62;,
  3;32,20,63;,
  3;20,32,29;,
  3;64,66,65;,
  3;66,64,19;,
  3;13,67,12;,
  3;67,13,68;,
  3;68,69,67;,
  3;69,68,70;,
  3;70,41,69;,
  3;41,70,36;,
  3;48,34,51;,
  3;34,48,33;,
  3;51,43,60;,
  3;43,51,34;,
  3;43,55,60;,
  3;55,43,39;,
  3;39,54,55;,
  3;54,39,40;,
  3;12,63,17;,
  3;63,12,67;,
  3;67,32,63;,
  3;32,67,69;,
  3;69,41,32;,
  3;71,72,25;,
  3;73,75,74;,
  3;75,73,76;,
  3;75,77,74;,
  3;77,75,78;,
  3;79,78,80;,
  3;78,79,77;,
  3;81,83,82;,
  3;83,85,84;,
  3;85,83,86;,
  3;87,89,88;,
  3;89,90,88;,
  3;90,89,91;,
  3;92,94,93;,
  3;92,88,94;,
  3;92,87,88;,
  3;88,95,94;,
  3;95,88,90;,
  3;96,94,83;,
  3;94,86,83;,
  3;86,94,95;,
  3;97,99,98;,
  3;99,97,100;,
  3;100,101,99;,
  3;101,100,102;,
  3;103,105,104;,
  3;105,103,106;,
  3;106,107,105;,
  3;107,106,108;,
  3;104,110,109;,
  3;110,104,105;,
  3;105,111,110;,
  3;111,105,107;,
  3;109,100,97;,
  3;100,109,110;,
  3;110,102,100;,
  3;102,110,111;,
  3;112,114,113;,
  3;114,112,115;,
  3;116,118,117;,
  3;118,116,119;,
  3;120,122,121;,
  3;122,120,123;,
  3;120,125,124;,
  3;125,120,121;,
  3;126,125,127;,
  3;125,126,124;,
  3;95,97,86;,
  3;97,95,109;,
  3;86,98,85;,
  3;98,86,97;,
  3;90,103,104;,
  3;103,90,91;,
  3;104,95,90;,
  3;95,104,109;,
  3;128,96,129;,
  3;96,128,93;,
  3;129,130,128;,
  3;130,129,131;,
  3;72,28,25;,
  3;28,72,132;,
  3;9,133,8;,
  3;134,136,135;,
  3;136,134,137;,
  3;81,137,134;,
  3;138,11,139;,
  3;138,10,11;,
  3;138,140,10;,
  3;141,11,142;,
  3;11,141,139;,
  3;128,130,143;,
  3;93,144,92;,
  3;93,143,144;,
  3;93,128,143;,
  3;145,87,146;,
  3;87,145,147;,
  3;74,148,73;,
  3;148,74,149;,
  3;150,147,145;,
  3;7,149,74;,
  3;148,151,73;,
  3;102,152,101;,
  3;152,102,126;,
  3;102,124,126;,
  3;124,102,111;,
  3;111,120,124;,
  3;120,111,107;,
  3;120,108,123;,
  3;108,120,107;,
  3;8,154,153;,
  3;154,8,133;,
  3;153,155,8;,
  3;155,153,156;,
  3;121,113,114;,
  3;113,121,122;,
  3;122,112,113;,
  3;112,122,157;,
  3;158,125,159;,
  3;125,158,127;,
  3;159,121,114;,
  3;121,159,125;,
  3;126,160,152;,
  3;160,126,161;,
  3;162,122,123;,
  3;122,162,163;,
  3;122,164,157;,
  3;164,122,163;,
  3;165,126,127;,
  3;126,165,161;,
  3;161,166,160;,
  3;166,161,167;,
  3;162,117,163;,
  3;117,162,116;,
  3;163,118,164;,
  3;118,163,117;,
  3;165,167,161;,
  3;167,165,168;,
  3;169,171,170;,
  3;171,169,172;,
  3;173,175,174;,
  3;175,173,176;,
  3;177,179,178;,
  3;179,177,173;,
  3;180,179,181;,
  3;179,180,182;,
  3;183,169,170;,
  3;169,183,184;,
  3;175,186,185;,
  3;186,175,176;,
  3;45,187,44;,
  3;187,45,188;,
  3;180,169,182;,
  3;169,180,172;,
  3;19,29,66;,
  3;20,29,19;,
  3;29,30,189;,
  3;30,190,189;,
  3;190,30,33;,
  3;33,191,190;,
  3;191,33,48;,
  3;191,49,192;,
  3;49,191,48;,
  3;192,52,193;,
  3;52,192,49;,
  3;194,170,186;,
  3;170,194,183;,
  3;170,185,186;,
  3;185,170,171;,
  3;186,176,194;,
  3;194,173,177;,
  3;173,194,176;,
  3;179,174,181;,
  3;174,179,173;,
  3;178,182,184;,
  3;182,178,179;,
  3;182,169,184;,
  3;16,17,20;,
  3;17,63,20;,
  3;66,195,65;,
  3;196,198,197;,
  3;198,196,199;,
  3;200,153,154;,
  3;153,200,201;,
  3;202,204,203;,
  3;205,207,206;,
  3;196,209,208;,
  3;209,196,197;,
  3;210,208,211;,
  3;208,210,196;,
  3;212,214,213;,
  3;214,212,215;,
  3;212,213,211;,
  3;201,217,216;,
  3;217,201,200;,
  3;218,220,219;,
  3;220,218,216;,
  3;210,199,196;,
  3;214,205,206;,
  3;221,223,222;,
  3;197,198,224;,
  3;224,226,225;,
  3;226,224,198;,
  3;227,214,206;,
  3;228,229,213;,
  3;229,228,230;,
  3;219,232,231;,
  3;214,228,213;,
  3;156,201,233;,
  3;201,156,153;,
  3;233,216,218;,
  3;216,233,201;,
  3;220,216,234;,
  3;235,220,234;,
  3;236,238,237;,
  3;238,236,239;,
  3;208,240,211;,
  3;240,208,241;,
  3;211,242,212;,
  3;242,211,240;,
  3;243,239,244;,
  3;239,243,238;,
  3;244,236,245;,
  3;236,244,239;,
  3;246,221,222;,
  3;221,246,215;,
  3;221,212,247;,
  3;212,221,215;,
  3;199,248,1;,
  3;248,199,249;,
  3;133,9,250;,
  3;249,210,251;,
  3;210,249,199;,
  3;210,211,251;,
  3;252,2,253;,
  3;2,252,1;,
  3;19,254,18;,
  3;254,19,64;,
  3;23,68,13;,
  3;68,23,255;,
  3;68,256,70;,
  3;256,68,255;,
  3;256,36,70;,
  3;36,256,257;,
  3;258,1,252;,
  3;1,258,199;,
  3;257,259,36;,
  3;36,259,35;,
  3;260,203,261;,
  3;203,260,202;,
  3;262,263,222;,
  3;263,262,264;,
  3;198,258,226;,
  3;258,198,199;,
  3;265,204,227;,
  3;265,206,266;,
  3;206,265,227;,
  3;222,267,246;,
  3;267,222,263;,
  3;89,87,147;,
  3;82,83,84;,
  3;78,16,18;,
  3;16,78,75;,
  3;75,15,16;,
  3;15,75,76;,
  3;15,71,14;,
  3;71,15,76;,
  3;14,268,24;,
  3;268,14,71;,
  3;248,269,1;,
  3;1,269,0;,
  3;135,129,134;,
  3;129,135,131;,
  3;134,96,81;,
  3;96,134,129;,
  3;96,83,81;,
  3;94,96,93;,
  3;29,189,66;,
  3;205,215,246;,
  3;267,205,246;,
  3;205,267,207;,
  3;205,214,215;,
  3;187,188,270;,
  3;224,272,271;,
  3;223,221,209;,
  3;224,223,197;,
  3;271,273,262;,
  3;273,271,272;,
  3;263,275,274;,
  3;273,276,262;,
  3;277,272,278;,
  3;272,277,273;,
  3;223,271,262;,
  3;271,223,224;,
  3;223,209,197;,
  3;208,221,247;,
  3;221,208,209;,
  3;222,223,262;,
  3;266,207,279;,
  3;207,266,206;,
  3;207,280,279;,
  3;280,207,267;,
  3;280,263,274;,
  3;263,280,267;,
  3;264,262,276;,
  3;76,73,72;,
  3;138,281,140;,
  3;73,132,72;,
  3;132,73,151;,
  3;72,71,76;,
  3;272,225,278;,
  3;155,11,8;,
  3;276,277,282;,
  3;277,276,273;,
  3;275,276,282;,
  3;276,275,264;,
  3;28,141,27;,
  3;141,28,139;,
  3;139,132,138;,
  3;132,139,28;,
  3;132,281,138;,
  3;281,132,151;,
  3;281,148,283;,
  3;148,281,151;,
  3;283,149,284;,
  3;149,283,148;,
  3;7,284,149;,
  3;284,7,4;,
  3;6,79,22;,
  3;79,6,77;,
  3;77,7,74;,
  3;7,77,6;,
  3;5,3,4;,
  3;3,5,2;,
  3;285,137,82;,
  3;137,285,136;,
  3;137,81,82;,
  3;92,146,87;,
  3;146,92,144;,
  3;2,21,253;,
  3;21,2,5;,
  3;286,213,229;,
  3;251,211,286;,
  3;213,286,211;,
  3;234,216,217;,
  3;227,202,228;,
  3;202,230,228;,
  3;230,202,260;,
  3;232,220,235;,
  3;228,214,227;,
  3;26,71,25;,
  3;71,26,268;,
  3;155,142,11;,
  3;18,80,78;,
  3;80,18,254;,
  3;272,224,225;,
  3;275,263,264;,
  3;202,227,204;,
  3;232,219,220;,
  3;287,289,288;,
  3;289,287,290;,
  3;291,288,292;,
  3;288,291,287;,
  3;293,292,294;,
  3;292,293,291;,
  3;295,294,296;,
  3;294,295,293;,
  3;296,297,295;,
  3;298,290,299;,
  3;290,298,289;,
  3;300,302,301;,
  3;302,300,303;,
  3;304,300,305;,
  3;300,304,303;,
  3;306,305,307;,
  3;305,306,304;,
  3;308,306,307;,
  3;306,308,309;,
  3;308,310,309;,
  3;145,146,311;,
  3;312,314,313;,
  3;314,312,315;,
  3;316,318,317;,
  3;318,316,319;,
  3;320,322,321;,
  3;322,320,323;,
  3;324,326,325;,
  3;326,324,327;,
  3;328,324,325;,
  3;324,328,329;,
  3;330,331,328;,
  3;331,330,332;,
  3;319,22,318;,
  3;22,319,21;,
  3;327,333,326;,
  3;333,327,334;,
  3;335,337,336;,
  3;337,335,338;,
  3;339,341,340;,
  3;341,339,342;,
  3;341,344,343;,
  3;344,341,342;,
  3;345,347,346;,
  3;347,345,348;,
  3;346,350,349;,
  3;350,346,347;,
  3;348,351,347;,
  3;351,348,352;,
  3;347,353,350;,
  3;353,347,351;,
  3;352,341,351;,
