xof 0303txt 0032
template XSkinMeshHeader {
 <3cf169ce-ff7c-44ab-93c0-f78f62d172e2>
 WORD nMaxSkinWeightsPerVertex;
 WORD nMaxSkinWeightsPerFace;
 WORD nBones;
}

template VertexDuplicationIndices {
 <b8d65549-d7c9-4995-89cf-53a9a8b031e3>
 DWORD nIndices;
 DWORD nOriginalVertices;
 array DWORD indices[nIndices];
}

template SkinWeights {
 <6f0d123b-bad2-4167-a0d0-80224f25fabb>
 STRING transformNodeName;
 DWORD nWeights;
 array DWORD vertexIndices[nWeights];
 array FLOAT weights[nWeights];
 Matrix4x4 matrixOffset;
}

template AnimTicksPerSecond {
 <9e415a43-7ba6-4a73-8743-b73d47e88476>
 DWORD AnimTicksPerSecond;
}


AnimTicksPerSecond {
 4800;
}

Frame Dummy01 {
 

 FrameTransformMatrix {
  1.000000,0.000000,0.000000,0.000000,0.000000,-0.000000,-1.000000,0.000000,0.000000,1.000000,-0.000000,0.000000,-0.000000,0.000000,0.000000,1.000000;;
 }

 Frame Bip01 {
  

  FrameTransformMatrix {
   -0.489721,0.856107,0.165090,0.000000,0.089574,-0.138946,0.986241,0.000000,0.867266,0.497770,-0.008640,0.000000,0.009533,0.007115,0.491068,1.000000;;
  }

  Frame Bip01_Pelvis {
   

   FrameTransformMatrix {
    0.000000,0.996195,-0.087157,0.000000,-0.000001,0.087157,0.996195,0.000000,1.000000,0.000000,0.000001,0.000000,0.000000,0.000000,0.000000,1.000000;;
   }

   Frame Bip01_Spine {
    

    FrameTransformMatrix {
     0.992530,0.043980,0.113798,0.000000,-0.063171,0.983248,0.170973,0.000000,-0.104372,-0.176885,0.978682,0.000000,0.051446,0.004515,-0.000083,1.000000;;
    }

    Frame Bip01_Spine1 {
     

     FrameTransformMatrix {
      0.964854,0.080206,0.250248,0.000000,-0.090663,0.995414,0.030524,0.000000,-0.246652,-0.052139,0.967701,0.000000,0.106501,0.000004,-0.000082,1.000000;;
     }

     Frame Bip01_Neck {
      

      FrameTransformMatrix {
       0.955825,0.129345,0.263949,0.000000,0.021023,0.865595,-0.500303,0.000000,-0.293184,0.483751,0.824638,0.000000,0.130512,-0.000013,0.004630,1.000000;;
      }

      Frame Bip01_Head {
       

       FrameTransformMatrix {
        0.924836,0.005054,-0.380332,0.000000,-0.073164,0.983603,-0.164839,0.000000,0.373263,0.180276,0.910042,0.000000,0.033674,-0.000000,0.000000,1.000000;;
       }
      }

      Frame Bip01_L_Clavicle {
       

       FrameTransformMatrix {
        0.068058,0.946702,0.314839,0.000000,0.956129,0.028235,-0.291583,0.000000,-0.284931,0.320872,-0.903247,0.000000,-0.022159,0.015425,0.010836,1.000000;;
       }

       Frame Bip01_L_UpperArm {
        

        FrameTransformMatrix {
         0.307792,-0.496775,-0.811467,0.000000,0.919916,0.373144,0.120491,0.000000,0.242937,-0.783568,0.571842,0.000000,0.087086,-0.000000,-0.000000,1.000000;;
        }

        Frame Bip01_L_Forearm {
         

         FrameTransformMatrix {
          0.056726,0.000000,-0.998390,0.000000,-0.000000,1.000000,0.000000,0.000000,0.998390,-0.000000,0.056726,0.000000,0.137062,0.000000,0.000000,1.000000;;
         }

         Frame Bip01_L_Hand {
          

          FrameTransformMatrix {
           0.761040,0.453397,0.463949,0.000000,-0.485347,-0.076562,0.870963,0.000000,0.430413,-0.888014,0.161789,0.000000,0.137062,0.000000,0.000000,1.000000;;
          }

          Frame Bip01_L_Finger0 {
           

           FrameTransformMatrix {
            0.616910,-0.785389,-0.050871,0.000000,0.787019,0.616011,0.033661,0.000000,0.004899,-0.060802,0.998138,0.000000,0.057681,-0.023605,-0.000272,1.000000;;
           }
          }

          Frame Bip01_L_Finger1 {
           

           FrameTransformMatrix {
            -0.416578,-0.268901,0.868421,0.000000,-0.384803,0.917615,0.099546,0.000000,-0.823644,-0.292703,-0.485732,0.000000,0.084102,-0.000000,0.000000,1.000000;;
           }
          }
         }
        }
       }
      }

      Frame Bip01_R_Clavicle {
       

       FrameTransformMatrix {
        0.122300,-0.979098,-0.162509,0.000000,-0.947877,-0.163767,0.273331,0.000000,-0.294232,0.120610,-0.948093,0.000000,-0.026224,-0.011780,-0.004368,1.000000;;
       }

       Frame Bip01_R_UpperArm {
        

        FrameTransformMatrix {
         -0.130267,0.121525,-0.984003,0.000000,-0.686970,0.704559,0.177958,0.000000,0.714914,0.699163,-0.008296,0.000000,0.087086,0.000000,0.000000,1.000000;;
        }

        Frame Bip01_R_Forearm {
         

         FrameTransformMatrix {
          0.533854,-0.000000,-0.845577,0.000000,0.000000,1.000000,0.000000,0.000000,0.845577,0.000000,0.533854,0.000000,0.137062,0.000000,0.000000,1.000000;;
         }

         Frame Bip01_R_Hand {
          

          FrameTransformMatrix {
           0.823258,-0.150438,0.547371,0.000000,0.345711,-0.631941,-0.693638,0.000000,0.450256,0.760275,-0.468242,0.000000,0.137062,-0.000000,0.000000,1.000000;;
          }

          Frame Bip01_R_Finger0 {
           

           FrameTransformMatrix {
            -0.119180,0.310912,0.942937,0.000000,-0.869175,0.426392,-0.250449,0.000000,-0.479928,-0.849426,0.219420,0.000000,0.057681,0.023605,-0.000272,1.000000;;
           }
          }

          Frame Bip01_R_Finger1 {
           

           FrameTransformMatrix {
            0.077369,0.000794,0.997002,0.000000,0.000000,1.000000,-0.000796,0.000000,-0.997002,0.000062,0.077369,0.000000,0.084102,0.000000,0.000000,1.000000;;
           }
          }
         }
        }
       }
      }
     }

     Frame Bip01_BackPack {
      

      FrameTransformMatrix {
       0.068803,-0.000002,-0.997630,0.000000,0.000003,1.000000,-0.000002,0.000000,0.997630,-0.000003,0.068803,0.000000,0.063696,-0.000000,-0.088851,1.000000;;
      }
     }
    }

    Frame Bip01_L_Thigh {
     

     FrameTransformMatrix {
      -0.968965,0.208560,0.132704,0.000000,-0.122962,-0.872349,0.473168,0.000000,0.214448,0.442165,0.870920,0.000000,-0.048822,0.053125,-0.003519,1.000000;;
     }

     Frame Bip01_L_Calf {
      

      FrameTransformMatrix {
       0.928907,-0.000000,-0.370312,0.000000,0.000000,1.000000,-0.000000,0.000000,0.370312,0.000000,0.928908,0.000000,0.237500,0.000000,-0.000000,1.000000;;
      }

      Frame Bip01_L_Foot {
       

       FrameTransformMatrix {
        0.990516,0.081716,0.110460,0.000000,-0.107650,0.961114,0.254304,0.000000,-0.085384,-0.263783,0.960796,0.000000,0.206841,0.000000,0.000000,1.000000;;
       }

       Frame Bip01_L_Toe0 {
        

        FrameTransformMatrix {
         -0.281147,0.092896,0.955158,0.000000,0.009525,0.995525,-0.094018,0.000000,-0.959617,-0.017335,-0.280774,0.000000,0.065373,0.000000,0.066450,1.000000;;
        }
       }
      }
     }
    }

    Frame Bip01_R_Thigh {
     

     FrameTransformMatrix {
      -0.968987,-0.226652,0.098454,0.000000,0.239380,-0.959835,0.146339,0.000000,0.061331,0.165369,0.984323,0.000000,-0.053679,-0.055476,0.016018,1.000000;;
     }

     Frame Bip01_R_Calf {
      

      FrameTransformMatrix {
       0.895443,0.000000,-0.445176,0.000000,0.000000,1.000000,-0.000000,0.000000,0.445176,-0.000000,0.895443,0.000000,0.237500,0.000000,-0.000000,1.000000;;
      }

      Frame Bip01_R_Foot {
       

       FrameTransformMatrix {
        0.917900,-0.217111,0.332148,0.000000,0.252225,0.965417,-0.065980,0.000000,-0.306337,0.144340,0.940917,0.000000,0.206841,0.000000,-0.000000,1.000000;;
       }

       Frame Bip01_R_Toe0 {
        

        FrameTransformMatrix {
         0.793109,-0.384600,0.472293,0.000000,-0.009866,0.767207,0.641324,0.000000,-0.609000,-0.513300,0.604684,0.000000,0.065373,0.000000,0.066450,1.000000;;
        }
       }
      }
     }
    }
   }

   Frame Bip01_DressFront {
    

    FrameTransformMatrix {
     -0.994080,-0.051307,-0.095775,0.000000,-0.051294,0.998680,-0.002606,0.000000,0.095782,0.002322,-0.995400,0.000000,-0.044016,0.001399,0.061087,1.000000;;
    }

    Frame Bip01_DressFront02 {
     

     FrameTransformMatrix {
      0.992402,0.000000,0.123042,0.000000,-0.000000,1.000000,-0.000000,0.000000,-0.123042,-0.000000,0.992401,0.000000,0.183341,-0.000000,-0.000131,1.000000;;
     }
    }
   }

   Frame Bip01_DressBack {
    

    FrameTransformMatrix {
     -0.996918,-0.072642,-0.029614,0.000000,-0.074193,0.995718,0.055147,0.000000,0.025482,0.057174,-0.998039,0.000000,-0.047736,-0.000008,-0.078279,1.000000;;
    }

    Frame Bip01_DressBack02 {
     

     FrameTransformMatrix {
      0.974078,0.000001,0.226213,0.000000,-0.000001,1.000000,-0.000000,0.000000,-0.226213,-0.000000,0.974078,0.000000,0.176183,-0.000000,-0.000106,1.000000;;
     }
    }
   }
  }

  Frame Bip01_Prop1 {
   

   FrameTransformMatrix {
    0.489722,-0.089576,-0.867265,0.000000,0.856106,-0.138947,0.497772,0.000000,-0.165092,-0.986240,0.008641,0.000000,0.267873,0.259346,0.084194,1.000000;;
   }
  }

  Frame Bip01_Prop2 {
   

   FrameTransformMatrix {
    0.103747,-0.747332,0.656301,0.000000,-0.641145,0.454213,0.618565,0.000000,-0.760375,-0.484959,-0.432026,0.000000,0.249685,0.215501,0.107687,1.000000;;
   }
  }
 }
}

Frame Translation_Data {
 

 FrameTransformMatrix {
  -0.000000,0.000000,-1.000000,0.000000,-1.000000,-0.000000,0.000000,0.000000,-0.000000,1.000000,0.000000,0.000000,0.000000,-0.000000,0.000000,1.000000;;
 }
}

Frame Body {
 

 FrameTransformMatrix {
  1.000000,0.000000,0.000000,0.000000,0.000000,1.000000,0.000000,0.000000,0.000000,0.000000,1.000000,0.000000,0.000000,0.000000,0.000000,1.000000;;
 }

 Mesh Body {
  1467;
  0.042707;0.751697;-0.076234;,
  0.013674;0.771488;-0.044820;,
  0.008568;0.739572;-0.056215;,
  0.049719;0.730454;-0.083155;,
  0.048518;0.712185;-0.086974;,
  0.005189;0.705840;-0.069230;,
  0.014950;0.675428;-0.074927;,
  0.062728;0.680158;-0.076177;,
  0.036625;0.797557;-0.020195;,
  0.067982;0.779756;-0.039716;,
  0.091696;0.775027;-0.029577;,
  0.071938;0.781777;-0.007779;,
  0.101831;0.539662;-0.005310;,
  0.077665;0.527818;0.034667;,
  0.077288;0.542208;0.028580;,
  0.094529;0.550306;-0.006798;,
  0.061025;0.558989;-0.050755;,
  0.082586;0.531339;-0.043125;,
  0.021339;0.557105;-0.062895;,
  0.025361;0.502232;-0.061606;,
  0.056009;0.512289;-0.065470;,
  -0.027439;0.709133;-0.044533;,
  -0.030679;0.675021;-0.045072;,
  0.040857;0.520406;0.054024;,
  0.040654;0.537113;0.050199;,
  0.095940;0.647337;0.022211;,
  0.058874;0.648626;0.058842;,
  0.061260;0.691473;0.059117;,
  0.101320;0.691330;0.018411;,
  0.049311;0.466674;-0.084166;,
  0.063071;0.373463;-0.114653;,
  0.106263;0.368267;-0.095603;,
  0.092422;0.460106;-0.058958;,
  0.068078;0.280015;-0.143681;,
  0.105347;0.275053;-0.106812;,
  0.009333;0.456794;-0.055311;,
  0.036647;0.416409;0.023233;,
  0.044464;0.341825;-0.011850;,
  0.022006;0.361108;-0.081815;,
  0.060673;0.265072;-0.059179;,
  0.049434;0.268332;-0.099515;,
  0.104925;0.428270;-0.009134;,
  0.120431;0.352329;-0.034443;,
  0.100144;0.272103;-0.066733;,
  0.129539;-0.000569;-0.077592;,
  0.085119;-0.002808;-0.084432;,
  0.086394;-0.003831;-0.035640;,
  0.121103;-0.002033;-0.032968;,
  0.080886;0.219183;-0.120705;,
  0.089084;0.145681;-0.116092;,
  0.123096;0.148378;-0.093365;,
  0.116981;0.222673;-0.098345;,
  0.102433;0.067233;-0.110545;,
  0.124764;0.068854;-0.084173;,
  0.047014;0.197647;-0.089187;,
  0.056445;0.215379;-0.037193;,
  0.069207;0.151164;-0.044429;,
  0.065132;0.141114;-0.085859;,
  0.093769;0.076766;-0.058135;,
  0.088295;0.058879;-0.087729;,
  0.125870;0.230720;-0.050379;,
  0.129918;0.156520;-0.056313;,
  0.117038;0.083869;-0.060695;,
  0.090043;0.502581;-0.046900;,
  -0.016328;0.493464;-0.053333;,
  -0.009941;0.457232;-0.047617;,
  0.009333;0.456794;-0.055311;,
  0.118094;0.488572;-0.002173;,
  0.086226;0.479442;0.042359;,
  0.108067;0.440066;-0.005848;,
  0.076402;0.435248;0.030725;,
  0.087061;0.597378;0.020903;,
  0.108622;0.645116;-0.011497;,
  0.106264;0.649498;-0.031762;,
  0.066685;0.651390;-0.067659;,
  0.058428;0.603839;-0.052112;,
  0.095949;0.599547;-0.018513;,
  0.017516;0.648459;-0.072093;,
  0.022284;0.600637;-0.060260;,
  -0.027753;0.652557;-0.042093;,
  -0.018671;0.595141;-0.033491;,
  0.088073;0.761474;-0.112096;,
  0.045878;0.748932;-0.081147;,
  0.090832;0.729214;-0.151040;,
  0.038688;0.710290;-0.128395;,
  0.048512;0.673355;-0.156129;,
  0.089870;0.688340;-0.176582;,
  0.072761;0.699707;-0.057353;,
  0.070453;0.663886;-0.093709;,
  0.038688;0.710290;-0.128395;,
  0.062665;0.632075;-0.151835;,
  0.048512;0.673355;-0.156129;,
  0.083790;0.697527;-0.055930;,
  0.119122;0.714470;-0.077815;,
  0.122767;0.682976;-0.116129;,
  0.103812;0.646918;-0.172448;,
  0.108604;0.743941;-0.099162;,
  0.087722;0.707370;-0.175701;,
  0.038144;0.691753;-0.151237;,
  0.012835;0.726799;-0.193820;,
  0.045739;0.735493;-0.207574;,
  -0.010318;0.749450;-0.226543;,
  0.011372;0.756981;-0.237444;,
  0.038144;0.691753;-0.151237;,
  0.037094;0.638997;-0.185772;,
  0.018119;0.682628;-0.229805;,
  0.012835;0.726799;-0.193820;,
  -0.004563;0.718002;-0.248356;,
  -0.010318;0.749450;-0.226543;,
  0.086431;0.654604;-0.209976;,
  0.043520;0.689414;-0.239946;,
  0.009507;0.726594;-0.259639;,
  -0.048828;0.787740;-0.307353;,
  -0.030201;0.793036;-0.296922;,
  -0.008805;0.750224;-0.291621;,
  -0.027284;0.745524;-0.301994;,
  -0.015443;0.815976;-0.292870;,
  -0.016268;0.814278;-0.303927;,
  -0.005968;0.810831;-0.305685;,
  -0.003835;0.817006;-0.292323;,
  -0.024064;0.726460;-0.274385;,
  -0.016389;0.735377;-0.309846;,
  -0.012063;0.783748;-0.289189;,
  -0.028556;0.773904;-0.260207;,
  0.013654;0.728789;-0.276229;,
  0.001075;0.739217;-0.318697;,
  0.010030;0.778232;-0.260600;,
  0.005626;0.785506;-0.298162;,
  0.092399;0.785023;-0.052422;,
  0.081438;0.782022;-0.080000;,
  0.067982;0.779756;-0.039716;,
  0.051467;0.775545;-0.059774;,
  0.117643;0.692037;-0.018804;,
  0.028236;0.786197;-0.044545;,
  0.070397;0.762125;-0.092151;,
  0.042707;0.751697;-0.076234;,
  0.049719;0.730454;-0.083155;,
  0.074618;0.747429;-0.087368;,
  0.110642;0.732842;-0.034816;,
  0.095436;0.731818;0.005955;,
  0.109694;0.736066;-0.039870;,
  0.054807;0.729947;0.047478;,
  0.033475;0.778756;0.019741;,
  0.091696;0.775027;-0.029577;,
  0.109694;0.736066;-0.039870;,
  0.070089;0.710856;-0.064367;,
  0.105035;0.728384;-0.044365;,
  0.045878;0.748932;-0.081147;,
  0.098550;0.685347;-0.043554;,
  0.071046;0.678553;-0.064152;,
  0.048518;0.712185;-0.086974;,
  0.112773;0.689728;-0.035620;,
  -0.028556;0.773904;-0.260207;,
  0.020172;0.822182;-0.008040;,
  0.027139;0.816485;-0.029359;,
  0.017039;0.801531;0.001188;,
  -0.004800;0.823785;0.003009;,
  0.005626;0.785506;-0.298162;,
  -0.048828;0.787740;-0.307353;,
  -0.027284;0.745524;-0.301994;,
  -0.021773;0.804701;-0.277671;,
  0.003571;0.801630;-0.282058;,
  -0.021773;0.804701;-0.277671;,
  -0.020299;0.798655;-0.294347;,
  0.000551;0.785996;-0.297628;,
  0.000551;0.785996;-0.297628;,
  -0.015443;0.815976;-0.292870;,
  -0.003835;0.817006;-0.292323;,
  -0.005968;0.810831;-0.305685;,
  0.140967;0.023275;-0.153175;,
  0.112828;0.019524;-0.193266;,
  0.115746;0.001223;-0.200738;,
  0.148267;0.002153;-0.160351;,
  0.081748;0.029590;-0.045874;,
  0.086394;-0.003831;-0.035640;,
  0.085119;-0.002808;-0.084432;,
  0.082618;0.022099;-0.086568;,
  0.093769;0.076766;-0.058135;,
  0.117038;0.083869;-0.060695;,
  0.122965;0.034783;-0.042840;,
  0.129539;-0.000569;-0.077592;,
  0.121103;-0.002033;-0.032968;,
  0.129004;0.034439;-0.079254;,
  0.102433;0.067233;-0.110545;,
  0.124764;0.068854;-0.084173;,
  0.080109;-0.000842;-0.193269;,
  0.084765;0.014808;-0.185231;,
  0.148267;0.002153;-0.160351;,
  0.080109;-0.000842;-0.193269;,
  0.022006;0.361108;-0.081815;,
  0.049434;0.268332;-0.099515;,
  0.047014;0.197647;-0.089187;,
  0.065132;0.141114;-0.085859;,
  0.088295;0.058879;-0.087729;,
  0.088295;0.058879;-0.087729;,
  0.014605;0.436598;-0.006683;,
  0.036472;0.820090;-0.044521;,
  0.027676;0.815580;-0.063569;,
  0.019473;0.808162;-0.061636;,
  0.017877;0.808691;-0.044484;,
  0.027711;0.838454;-0.020771;,
  0.019525;0.847599;0.000011;,
  -0.003403;0.955054;-0.055501;,
  -0.023422;0.957743;-0.054840;,
  -0.023071;0.945277;-0.081962;,
  0.015700;0.889818;-0.102701;,
  0.009588;0.917720;-0.094519;,
  -0.001273;0.887082;-0.108799;,
  0.039238;0.848147;-0.041045;,
  0.031481;0.836287;-0.067202;,
  0.034100;0.831253;-0.035653;,
  0.037532;0.883204;-0.023959;,
  0.036366;0.893021;-0.046416;,
  0.031955;0.929469;-0.052482;,
  0.022760;0.926020;-0.078629;,
  0.031771;0.887994;-0.072800;,
  0.024112;0.894210;0.012857;,
  0.035064;0.886894;-0.007752;,
  -0.014559;0.891523;0.025229;,
  -0.019510;0.938708;0.011859;,
  0.013056;0.939822;0.000626;,
  0.034448;0.865479;-0.071617;,
  0.019871;0.858778;-0.094419;,
  0.022676;0.825675;-0.080667;,
  0.010213;0.799701;-0.091754;,
  -0.009141;0.794280;-0.100504;,
  -0.008310;0.792472;-0.079456;,
  0.003530;0.936649;-0.085726;,
  0.017176;0.946698;-0.055639;,
  0.027809;0.938420;-0.018697;,
  0.012413;0.954320;-0.027184;,
  -0.022359;0.958827;-0.017469;,
  -0.005068;0.958220;-0.020314;,
  -0.011227;0.853145;0.013820;,
  0.027809;0.938420;-0.018697;,
  0.012413;0.954320;-0.027184;,
  0.041100;0.878817;-0.037274;,
  0.043407;0.851256;-0.041834;,
  0.048000;0.879186;-0.024216;,
  0.042812;0.897717;-0.032429;,
  0.048000;0.879186;-0.024216;,
  0.043407;0.851256;-0.041834;,
  0.042812;0.897717;-0.032429;,
  0.036366;0.893021;-0.046416;,
  0.038990;0.868870;-0.052990;,
  0.039238;0.848147;-0.041045;,
  0.017451;0.880902;-0.094562;,
  0.038990;0.868870;-0.052990;,
  0.028236;0.786197;-0.044545;,
  0.027139;0.816485;-0.029359;,
  0.051467;0.775545;-0.059774;,
  0.027711;0.838454;-0.020771;,
  -0.018942;0.759089;-0.039331;,
  -0.021883;0.735292;-0.040085;,
  -0.017591;0.552405;-0.044004;,
  0.049440;0.473640;0.062013;,
  0.047485;0.440547;0.053199;,
  0.042379;0.422702;0.043781;,
  -0.009832;0.788630;-0.060453;,
  0.014605;0.436598;-0.006683;,
  -0.005068;0.958220;-0.020314;,
  -0.022359;0.958827;-0.017469;,
  0.007645;0.831142;-0.097105;,
  -0.002243;0.853026;-0.103823;,
  -0.001137;0.843438;-0.104075;,
  -0.022544;0.935812;-0.094214;,
  -0.020861;0.914047;-0.107286;,
  -0.002205;0.878023;-0.099495;,
  0.051508;0.595678;0.052186;,
  0.051467;0.775545;-0.059774;,
  0.115746;0.001223;-0.200738;,
  0.007689;0.824534;-0.096857;,
  0.000040;0.821762;-0.103574;,
  -0.000492;0.826532;-0.099956;,
  -0.015016;0.849729;-0.118027;,
  -0.013908;0.841237;-0.108680;,
  -0.001268;0.830419;-0.104748;,
  -0.012149;0.825715;-0.100109;,
  -0.011685;0.818987;-0.105949;,
  -0.018245;0.884345;-0.114897;,
  -0.017225;0.874994;-0.111033;,
  0.105035;0.728384;-0.044365;,
  -0.012754;0.829409;-0.108126;,
  0.076274;0.715489;-0.049386;,
  0.070089;0.710856;-0.064367;,
  0.048518;0.712185;-0.086974;,
  0.035064;0.886894;-0.007752;,
  0.080886;0.219183;-0.120705;,
  0.021892;0.221154;-0.106998;,
  0.039504;0.145215;-0.105084;,
  0.089084;0.145681;-0.116092;,
  0.068078;0.280015;-0.143681;,
  0.018443;0.279938;-0.118677;,
  0.063071;0.373463;-0.114653;,
  0.004753;0.370185;-0.093440;,
  0.049311;0.466674;-0.084166;,
  -0.002260;0.457252;-0.078134;,
  0.025361;0.502232;-0.061606;,
  0.046049;0.072712;-0.105108;,
  0.102433;0.067233;-0.110545;,
  0.079155;0.142142;-0.016580;,
  0.090385;0.072798;-0.015292;,
  0.051253;0.059450;0.064123;,
  0.045427;0.131836;0.053975;,
  0.035235;0.197434;0.037844;,
  0.063412;0.214739;-0.024338;,
  0.034788;0.256202;0.035232;,
  0.059669;0.259501;-0.028787;,
  0.046480;0.338361;0.002564;,
  0.035914;0.340676;0.039185;,
  0.047798;0.412944;0.050589;,
  0.076274;0.715489;-0.049386;,
  -0.067134;0.759009;-0.005923;,
  -0.078226;0.738840;0.003160;,
  -0.041349;0.742709;-0.012304;,
  -0.028932;0.773843;-0.008793;,
  -0.078341;0.719700;0.025119;,
  -0.074142;0.685141;0.042384;,
  -0.066596;0.678397;-0.004290;,
  -0.056193;0.709697;-0.015235;,
  -0.007709;0.799844;0.016551;,
  0.001646;0.786194;0.054054;,
  -0.030948;0.782362;0.068076;,
  -0.049390;0.786410;0.032102;,
  -0.043492;0.526768;0.075333;,
  -0.035935;0.539538;0.071872;,
  0.004168;0.536173;0.072671;,
  0.004391;0.521317;0.075328;,
  -0.060414;0.548966;0.022473;,
  -0.064257;0.518310;0.038362;,
  -0.052676;0.550997;-0.018265;,
  -0.066205;0.501375;0.001484;,
  -0.046165;0.495885;-0.021915;,
  0.040654;0.537113;0.050199;,
  0.040857;0.520406;0.054024;,
  0.016677;0.647596;0.089535;,
  0.015270;0.694462;0.092950;,
  0.061260;0.691473;0.059117;,
  0.058874;0.648626;0.058842;,
  -0.067610;0.451891;-0.017718;,
  -0.078965;0.450779;0.031680;,
  -0.112760;0.357525;0.030317;,
  -0.094582;0.355703;-0.013520;,
  -0.117217;0.264074;0.037563;,
  -0.115707;0.258494;-0.014526;,
  -0.017132;0.441045;-0.021987;,
  -0.041853;0.344243;-0.015904;,
  -0.009628;0.337471;0.052558;,
  0.024624;0.413878;0.047524;,
  -0.071399;0.252939;0.005920;,
  -0.051762;0.258044;0.042368;,
  -0.080645;0.351978;0.086292;,
  -0.047663;0.424451;0.077925;,
  -0.085861;0.267704;0.062576;,
  -0.098285;-0.001503;0.121539;,
  -0.065688;-0.001525;0.153194;,
  -0.038775;-0.001071;0.131046;,
  -0.065810;-0.000927;0.090395;,
  -0.105193;0.204194;0.024402;,
  -0.115991;0.216612;0.063699;,
  -0.111583;0.146431;0.088940;,
  -0.102596;0.134938;0.050629;,
  -0.101459;0.070227;0.115356;,
  -0.101717;0.063404;0.081409;,
  -0.057496;0.186413;0.028037;,
  -0.064152;0.134443;0.056145;,
  -0.039209;0.153769;0.085102;,
  -0.029670;0.216117;0.066118;,
  -0.074339;0.060337;0.090876;,
  -0.061360;0.080971;0.113081;,
  -0.091503;0.163257;0.117213;,
  -0.089858;0.235985;0.100930;,
  -0.081203;0.088471;0.125422;,
  -0.067441;0.488608;0.040492;,
  -0.017132;0.441045;-0.021987;,
  0.012952;0.472941;0.083020;,
  -0.042411;0.474331;0.086896;,
  0.008667;0.431317;0.073962;,
  -0.042245;0.432612;0.078589;,
  0.013324;0.595329;0.080320;,
  -0.018865;0.645531;0.096790;,
  -0.038712;0.649971;0.091379;,
  -0.027468;0.596118;0.080937;,
  -0.053159;0.600738;0.037804;,
  -0.068433;0.651831;0.047109;,
  -0.053680;0.598526;0.000951;,
  -0.065313;0.648729;-0.001739;,
  -0.089103;0.787995;-0.015692;,
  -0.104899;0.774483;-0.061876;,
  -0.051139;0.753798;0.001186;,
  -0.115377;0.750096;-0.103174;,
  -0.079232;0.718156;-0.097573;,
  -0.060197;0.734937;-0.056602;,
  -0.090725;0.708759;0.011975;,
  -0.060197;0.734937;-0.056602;,
  -0.102705;0.689734;-0.033903;,
  -0.079232;0.718156;-0.097573;,
  -0.111945;0.679709;-0.093959;,
  -0.101736;0.709346;0.014587;,
  -0.147496;0.729392;-0.038881;,
  -0.131158;0.742211;0.006305;,
  -0.148000;0.711491;-0.099713;,
  -0.113224;0.773335;-0.005720;,
  -0.107099;0.763421;-0.111891;,
  -0.073861;0.772397;-0.160718;,
  -0.045186;0.749502;-0.159713;,
  -0.063450;0.726440;-0.106641;,
  -0.049508;0.778581;-0.204200;,
  -0.031877;0.765762;-0.200002;,
  -0.063450;0.726440;-0.106641;,
  -0.045186;0.749502;-0.159713;,
  -0.082414;0.714202;-0.185049;,
  -0.098361;0.680630;-0.132708;,
  -0.031877;0.765762;-0.200002;,
  -0.051956;0.737892;-0.213255;,
  -0.104328;0.731915;-0.185399;,
  -0.141805;0.717389;-0.137842;,
  -0.068321;0.751327;-0.221177;,
  -0.001344;0.781937;-0.303492;,
  -0.019591;0.738911;-0.293962;,
  -0.028987;0.741265;-0.274537;,
  -0.010787;0.784864;-0.283841;,
  -0.015844;0.796377;-0.255620;,
  -0.018112;0.806937;-0.260029;,
  -0.015712;0.798730;-0.272201;,
  -0.011293;0.791864;-0.264826;,
  -0.024083;0.738870;-0.238870;,
  -0.022413;0.788557;-0.238150;,
  -0.040989;0.789247;-0.267533;,
  -0.034124;0.737431;-0.274828;,
  -0.052237;0.737723;-0.283190;,
  -0.061915;0.738428;-0.238734;,
  -0.061185;0.790377;-0.237092;,
  -0.059177;0.787492;-0.275444;,
  -0.078446;0.795851;0.033223;,
  -0.091475;0.793468;0.006529;,
  -0.056013;0.782561;0.005795;,
  -0.049390;0.786410;0.032102;,
  -0.023987;0.697194;0.103879;,
  -0.031125;0.789110;0.003984;,
  -0.094272;0.773452;-0.008859;,
  -0.088988;0.758349;0.003333;,
  -0.078226;0.738840;0.003160;,
  -0.067134;0.759009;-0.005923;,
  -0.040290;0.741386;0.089115;,
  -0.045827;0.744982;0.086197;,
  0.008768;0.737265;0.082194;,
  0.054807;0.729947;0.047478;,
  0.033475;0.778756;0.019741;,
  -0.030948;0.782362;0.068076;,
  -0.045827;0.744982;0.086197;,
  -0.064733;0.718851;0.042991;,
  -0.051139;0.753798;0.001186;,
  -0.054287;0.737541;0.079115;,
  -0.063357;0.683446;0.052272;,
  -0.046309;0.690621;0.081927;,
  -0.078341;0.719700;0.025119;,
  -0.040166;0.695297;0.096860;,
  -0.022413;0.788557;-0.238150;,
  -0.042106;0.810277;-0.020225;,
  -0.031055;0.817589;-0.001282;,
  -0.004800;0.823785;0.003009;,
  0.017039;0.801531;0.001188;,
  -0.059177;0.787492;-0.275444;,
  -0.001344;0.781937;-0.303492;,
  -0.019591;0.738911;-0.293962;,
  -0.037840;0.809516;-0.260889;,
  -0.031431;0.790304;-0.244739;,
  -0.031431;0.790304;-0.244739;,
  -0.028085;0.784329;-0.261169;,
  -0.041829;0.795857;-0.278020;,
  -0.041829;0.795857;-0.278020;,
  -0.018112;0.806937;-0.260029;,
  -0.015844;0.796377;-0.255620;,
  -0.015712;0.798730;-0.272201;,
  -0.152564;0.020039;0.066751;,
  -0.161257;-0.001657;0.064603;,
  -0.157837;-0.001224;0.012856;,
  -0.152365;0.017374;0.017700;,
  -0.043048;0.032377;0.120736;,
  -0.066627;0.024044;0.087759;,
  -0.065810;-0.000927;0.090395;,
  -0.038775;-0.001071;0.131046;,
  -0.061360;0.080971;0.113081;,
  -0.075288;0.034884;0.146991;,
  -0.081203;0.088471;0.125422;,
  -0.098285;-0.001503;0.121539;,
  -0.101098;0.033425;0.120642;,
  -0.065688;-0.001525;0.153194;,
  -0.101717;0.063404;0.081409;,
  -0.101459;0.070227;0.115356;,
  -0.124539;0.014687;0.008067;,
  -0.124326;-0.000775;-0.001530;,
  -0.124326;-0.000775;-0.001530;,
  -0.161257;-0.001657;0.064603;,
  -0.041853;0.344243;-0.015904;,
  -0.071399;0.252939;0.005920;,
  -0.057496;0.186413;0.028037;,
  -0.064152;0.134443;0.056145;,
  -0.074339;0.060337;0.090876;,
  -0.074339;0.060337;0.090876;,
  -0.055281;0.811274;-0.041656;,
  -0.035762;0.803882;-0.037409;,
  -0.037415;0.802696;-0.059860;,
  -0.046982;0.808406;-0.061238;,
  -0.048722;0.831109;-0.018384;,
  -0.041156;0.841768;0.001906;,
  -0.042566;0.951291;-0.054278;,
  -0.023422;0.957743;-0.054840;,
  -0.051790;0.883333;-0.100594;,
  -0.035017;0.883839;-0.107745;,
  -0.050604;0.911936;-0.092640;,
  -0.054875;0.827989;-0.064506;,
  -0.063113;0.838313;-0.037849;,
  -0.054533;0.822736;-0.032885;,
  -0.067055;0.873155;-0.020693;,
  -0.069169;0.882880;-0.043120;,
  -0.065341;0.878663;-0.069767;,
  -0.064106;0.917673;-0.075917;,
  -0.072155;0.919465;-0.049231;,
  -0.064336;0.877343;-0.004648;,
  -0.053724;0.886731;0.015288;,
  -0.014559;0.891523;0.025229;,
  -0.052324;0.933540;0.002668;,
  -0.019510;0.938708;0.011859;,
  -0.063607;0.856057;-0.068555;,
  -0.045061;0.819167;-0.078552;,
  -0.049460;0.852116;-0.092254;,
  -0.028594;0.795972;-0.090542;,
  -0.047725;0.931724;-0.084125;,
  -0.061147;0.939172;-0.053194;,
  -0.056172;0.947730;-0.025042;,
  -0.067707;0.929242;-0.015714;,
  -0.039361;0.954925;-0.019244;,
  -0.022359;0.958827;-0.017469;,
  -0.011227;0.853145;0.013820;,
  -0.067707;0.929242;-0.015714;,
  -0.056172;0.947730;-0.025042;,
  -0.076393;0.867234;-0.020332;,
  -0.067742;0.840576;-0.038363;,
  -0.070540;0.868090;-0.033788;,
  -0.075331;0.886365;-0.028740;,
  -0.067742;0.840576;-0.038363;,
  -0.076393;0.867234;-0.020332;,
  -0.075331;0.886365;-0.028740;,
  -0.069169;0.882880;-0.043120;,
  -0.067551;0.858632;-0.049663;,
  -0.063113;0.838313;-0.037849;,
  -0.051307;0.874295;-0.092415;,
  -0.067551;0.858632;-0.049663;,
  -0.042106;0.810277;-0.020225;,
  -0.031125;0.789110;0.003984;,
  -0.056013;0.782561;0.005795;,
  -0.048722;0.831109;-0.018384;,
  0.049440;0.473640;0.062013;,
  0.047485;0.440547;0.053199;,
  0.042379;0.422702;0.043781;,
  0.014605;0.436598;-0.006683;,
  -0.039361;0.954925;-0.019244;,
  -0.022359;0.958827;-0.017469;,
  -0.032390;0.827295;-0.095855;,
  -0.026556;0.840995;-0.103281;,
  -0.027280;0.850620;-0.103041;,
  -0.031805;0.875179;-0.098571;,
  0.051508;0.595678;0.052186;,
  -0.056013;0.782561;0.005795;,
  -0.157837;-0.001224;0.012856;,
  -0.023554;0.819495;-0.102838;,
  -0.031161;0.820801;-0.095644;,
  -0.023717;0.824300;-0.099230;,
  -0.023992;0.828235;-0.104039;,
  -0.054287;0.737541;0.079115;,
  -0.051486;0.722299;0.054097;,
  -0.064733;0.718851;0.042991;,
  -0.078341;0.719700;0.025119;,
  -0.064336;0.877343;-0.004648;,
  -0.057278;0.207730;-0.035251;,
  -0.060472;0.133794;-0.014196;,
  -0.013079;0.140331;-0.068480;,
  -0.016699;0.217678;-0.073618;,
  -0.067719;0.264515;-0.047369;,
  -0.022849;0.273890;-0.079618;,
  -0.044242;0.356712;-0.048832;,
  -0.019196;0.362863;-0.070077;,
  -0.030951;0.444838;-0.052109;,
  -0.017973;0.448496;-0.065364;,
  -0.016328;0.493464;-0.053333;,
  -0.046165;0.495885;-0.021915;,
  -0.060744;0.062903;-0.001152;,
  -0.011697;0.074114;-0.067540;,
  -0.017581;0.078734;0.125063;,
  -0.081191;0.088470;0.125415;,
  -0.091503;0.163257;0.117213;,
  -0.021205;0.150222;0.101799;,
  -0.089858;0.235985;0.100930;,
  -0.028375;0.217684;0.083338;,
  -0.027877;0.259438;0.067039;,
  -0.085861;0.267704;0.062576;,
  -0.080645;0.351978;0.086292;,
  0.000136;0.335237;0.066911;,
  0.047485;0.440547;0.053199;,
  0.008667;0.431317;0.073962;,
  -0.051486;0.722299;0.054097;,
  -0.067610;0.451891;-0.017718;,
  -0.094582;0.355703;-0.013520;,
  -0.115707;0.258494;-0.014526;,
  -0.105193;0.204194;0.024402;,
  -0.102596;0.134938;0.050629;,
  -0.101717;0.063404;0.081409;,
  0.104925;0.428270;-0.009134;,
  0.120431;0.352329;-0.034443;,
  0.076402;0.435248;0.030725;,
  0.100144;0.272103;-0.066733;,
  0.125870;0.230720;-0.050379;,
  0.129918;0.156520;-0.056313;,
  0.117038;0.083869;-0.060695;,
  -0.047663;0.424451;0.077925;,
  0.042707;0.751697;-0.076234;,
  0.042707;0.751697;-0.076234;,
  0.013674;0.771488;-0.044820;,
  0.013674;0.771488;-0.044820;,
  0.013674;0.771488;-0.044820;,
  0.013674;0.771488;-0.044820;,
  0.013674;0.771488;-0.044820;,
  0.013674;0.771488;-0.044820;,
  0.049719;0.730454;-0.083155;,
  0.049719;0.730454;-0.083155;,
  0.048518;0.712185;-0.086974;,
  0.048518;0.712185;-0.086974;,
  0.048518;0.712185;-0.086974;,
  0.014950;0.675428;-0.074927;,
  0.014950;0.675428;-0.074927;,
  0.014950;0.675428;-0.074927;,
  0.014950;0.675428;-0.074927;,
  0.014950;0.675428;-0.074927;,
  0.062728;0.680158;-0.076177;,
  0.062728;0.680158;-0.076177;,
  0.062728;0.680158;-0.076177;,
  0.062728;0.680158;-0.076177;,
  0.062728;0.680158;-0.076177;,
  0.036625;0.797557;-0.020195;,
  0.036625;0.797557;-0.020195;,
  0.036625;0.797557;-0.020195;,
  0.036625;0.797557;-0.020195;,
  0.036625;0.797557;-0.020195;,
  0.036625;0.797557;-0.020195;,
  0.067982;0.779756;-0.039716;,
  0.067982;0.779756;-0.039716;,
  0.091696;0.775027;-0.029577;,
  0.091696;0.775027;-0.029577;,
  0.091696;0.775027;-0.029577;,
  0.077288;0.542208;0.028580;,
  0.077288;0.542208;0.028580;,
  0.077288;0.542208;0.028580;,
  0.077288;0.542208;0.028580;,
  0.077288;0.542208;0.028580;,
  0.094529;0.550306;-0.006798;,
  0.094529;0.550306;-0.006798;,
  0.094529;0.550306;-0.006798;,
  0.094529;0.550306;-0.006798;,
  0.094529;0.550306;-0.006798;,
  0.061025;0.558989;-0.050755;,
  0.061025;0.558989;-0.050755;,
  0.061025;0.558989;-0.050755;,
  0.061025;0.558989;-0.050755;,
  0.061025;0.558989;-0.050755;,
  0.061025;0.558989;-0.050755;,
  0.021339;0.557105;-0.062895;,
  0.021339;0.557105;-0.062895;,
  0.021339;0.557105;-0.062895;,
  0.021339;0.557105;-0.062895;,
  0.021339;0.557105;-0.062895;,
  0.056009;0.512289;-0.065470;,
  0.056009;0.512289;-0.065470;,
  0.056009;0.512289;-0.065470;,
  0.056009;0.512289;-0.065470;,
  0.056009;0.512289;-0.065470;,
  0.056009;0.512289;-0.065470;,
  -0.030679;0.675021;-0.045072;,
  -0.030679;0.675021;-0.045072;,
  -0.030679;0.675021;-0.045072;,
  -0.030679;0.675021;-0.045072;,
  -0.030679;0.675021;-0.045072;,
  0.040654;0.537113;0.050199;,
  0.040654;0.537113;0.050199;,
  0.095940;0.647337;0.022211;,
  0.095940;0.647337;0.022211;,
  0.095940;0.647337;0.022211;,
  0.095940;0.647337;0.022211;,
  0.058874;0.648626;0.058842;,
  0.058874;0.648626;0.058842;,
  0.061260;0.691473;0.059117;,
  0.061260;0.691473;0.059117;,
  0.101320;0.691330;0.018411;,
  0.101320;0.691330;0.018411;,
  0.101320;0.691330;0.018411;,
  0.101320;0.691330;0.018411;,
  0.101320;0.691330;0.018411;,
  0.049311;0.466674;-0.084166;,
  0.049311;0.466674;-0.084166;,
  0.049311;0.466674;-0.084166;,
  0.049311;0.466674;-0.084166;,
  0.049311;0.466674;-0.084166;,
  0.049311;0.466674;-0.084166;,
  0.092422;0.460106;-0.058958;,
  0.092422;0.460106;-0.058958;,
  0.092422;0.460106;-0.058958;,
  0.092422;0.460106;-0.058958;,
  0.092422;0.460106;-0.058958;,
  0.092422;0.460106;-0.058958;,
  0.068078;0.280015;-0.143681;,
  0.068078;0.280015;-0.143681;,
  0.068078;0.280015;-0.143681;,
  0.068078;0.280015;-0.143681;,
  0.068078;0.280015;-0.143681;,
  0.105347;0.275053;-0.106812;,
  0.105347;0.275053;-0.106812;,
  0.105347;0.275053;-0.106812;,
  0.105347;0.275053;-0.106812;,
  0.105347;0.275053;-0.106812;,
  0.036647;0.416409;0.023233;,
  0.036647;0.416409;0.023233;,
  0.036647;0.416409;0.023233;,
  0.036647;0.416409;0.023233;,
  0.036647;0.416409;0.023233;,
  0.036647;0.416409;0.023233;,
  0.036647;0.416409;0.023233;,
  0.060673;0.265072;-0.059179;,
  0.060673;0.265072;-0.059179;,
  0.060673;0.265072;-0.059179;,
  0.060673;0.265072;-0.059179;,
  0.060673;0.265072;-0.059179;,
  0.049434;0.268332;-0.099515;,
  0.104925;0.428270;-0.009134;,
  0.104925;0.428270;-0.009134;,
  0.104925;0.428270;-0.009134;,
  0.104925;0.428270;-0.009134;,
  0.104925;0.428270;-0.009134;,
  0.100144;0.272103;-0.066733;,
  0.100144;0.272103;-0.066733;,
  0.100144;0.272103;-0.066733;,
  0.100144;0.272103;-0.066733;,
  0.100144;0.272103;-0.066733;,
  0.100144;0.272103;-0.066733;,
  0.102433;0.067233;-0.110545;,
  0.102433;0.067233;-0.110545;,
  0.124764;0.068854;-0.084173;,
  0.124764;0.068854;-0.084173;,
  0.124764;0.068854;-0.084173;,
  0.093769;0.076766;-0.058135;,
  0.093769;0.076766;-0.058135;,
  0.117038;0.083869;-0.060695;,
  0.117038;0.083869;-0.060695;,
  0.108067;0.440066;-0.005848;,
  0.108067;0.440066;-0.005848;,
  0.108067;0.440066;-0.005848;,
  0.108067;0.440066;-0.005848;,
  0.076402;0.435248;0.030725;,
  0.076402;0.435248;0.030725;,
  0.076402;0.435248;0.030725;,
  0.076402;0.435248;0.030725;,
  0.087061;0.597378;0.020903;,
  0.087061;0.597378;0.020903;,
  0.087061;0.597378;0.020903;,
  0.087061;0.597378;0.020903;,
  0.087061;0.597378;0.020903;,
  0.087061;0.597378;0.020903;,
  0.108622;0.645116;-0.011497;,
  0.108622;0.645116;-0.011497;,
  0.108622;0.645116;-0.011497;,
  0.108622;0.645116;-0.011497;,
  0.108622;0.645116;-0.011497;,
  0.106264;0.649498;-0.031762;,
  0.106264;0.649498;-0.031762;,
  0.106264;0.649498;-0.031762;,
  0.106264;0.649498;-0.031762;,
  0.106264;0.649498;-0.031762;,
  0.106264;0.649498;-0.031762;,
  0.066685;0.651390;-0.067659;,
  0.066685;0.651390;-0.067659;,
  0.066685;0.651390;-0.067659;,
  0.066685;0.651390;-0.067659;,
  0.066685;0.651390;-0.067659;,
  0.058428;0.603839;-0.052112;,
  0.058428;0.603839;-0.052112;,
  0.058428;0.603839;-0.052112;,
  0.058428;0.603839;-0.052112;,
  0.058428;0.603839;-0.052112;,
  0.058428;0.603839;-0.052112;,
  0.095949;0.599547;-0.018513;,
  0.095949;0.599547;-0.018513;,
  0.095949;0.599547;-0.018513;,
  0.095949;0.599547;-0.018513;,
  0.017516;0.648459;-0.072093;,
  0.017516;0.648459;-0.072093;,
  0.017516;0.648459;-0.072093;,
  0.017516;0.648459;-0.072093;,
  0.017516;0.648459;-0.072093;,
  0.022284;0.600637;-0.060260;,
  0.022284;0.600637;-0.060260;,
  0.022284;0.600637;-0.060260;,
  0.022284;0.600637;-0.060260;,
  0.022284;0.600637;-0.060260;,
  -0.027753;0.652557;-0.042093;,
  -0.027753;0.652557;-0.042093;,
  -0.027753;0.652557;-0.042093;,
  -0.027753;0.652557;-0.042093;,
  -0.027753;0.652557;-0.042093;,
  -0.027753;0.652557;-0.042093;,
  -0.027753;0.652557;-0.042093;,
  -0.018671;0.595141;-0.033491;,
  -0.018671;0.595141;-0.033491;,
  -0.018671;0.595141;-0.033491;,
  -0.018671;0.595141;-0.033491;,
  -0.018671;0.595141;-0.033491;,
  0.048512;0.673355;-0.156129;,
  0.048512;0.673355;-0.156129;,
  0.089870;0.688340;-0.176582;,
  0.089870;0.688340;-0.176582;,
  0.089870;0.688340;-0.176582;,
  0.089870;0.688340;-0.176582;,
  0.089870;0.688340;-0.176582;,
  0.062665;0.632075;-0.151835;,
  0.062665;0.632075;-0.151835;,
  0.062665;0.632075;-0.151835;,
  0.062665;0.632075;-0.151835;,
  0.062665;0.632075;-0.151835;,
  0.048512;0.673355;-0.156129;,
  0.103812;0.646918;-0.172448;,
  0.103812;0.646918;-0.172448;,
  0.103812;0.646918;-0.172448;,
  0.103812;0.646918;-0.172448;,
  0.103812;0.646918;-0.172448;,
  0.103812;0.646918;-0.172448;,
  -0.010318;0.749450;-0.226543;,
  -0.010318;0.749450;-0.226543;,
  0.011372;0.756981;-0.237444;,
  0.011372;0.756981;-0.237444;,
  0.011372;0.756981;-0.237444;,
  0.011372;0.756981;-0.237444;,
  0.011372;0.756981;-0.237444;,
  0.011372;0.756981;-0.237444;,
  0.037094;0.638997;-0.185772;,
  0.037094;0.638997;-0.185772;,
  0.037094;0.638997;-0.185772;,
  0.037094;0.638997;-0.185772;,
  0.037094;0.638997;-0.185772;,
  -0.004563;0.718002;-0.248356;,
  -0.004563;0.718002;-0.248356;,
  -0.004563;0.718002;-0.248356;,
  -0.004563;0.718002;-0.248356;,
  -0.010318;0.749450;-0.226543;,
  -0.010318;0.749450;-0.226543;,
  0.086431;0.654604;-0.209976;,
  0.086431;0.654604;-0.209976;,
  0.086431;0.654604;-0.209976;,
  0.086431;0.654604;-0.209976;,
  0.009507;0.726594;-0.259639;,
  0.009507;0.726594;-0.259639;,
  0.009507;0.726594;-0.259639;,
  0.009507;0.726594;-0.259639;,
  0.009507;0.726594;-0.259639;,
  0.092399;0.785023;-0.052422;,
  0.092399;0.785023;-0.052422;,
  0.092399;0.785023;-0.052422;,
  0.092399;0.785023;-0.052422;,
  0.081438;0.782022;-0.080000;,
  0.081438;0.782022;-0.080000;,
  0.081438;0.782022;-0.080000;,
  0.081438;0.782022;-0.080000;,
  0.081438;0.782022;-0.080000;,
  0.067982;0.779756;-0.039716;,
  0.067982;0.779756;-0.039716;,
  0.051467;0.775545;-0.059774;,
  0.117643;0.692037;-0.018804;,
  0.117643;0.692037;-0.018804;,
  0.117643;0.692037;-0.018804;,
  0.117643;0.692037;-0.018804;,
  0.117643;0.692037;-0.018804;,
  0.117643;0.692037;-0.018804;,
  0.028236;0.786197;-0.044545;,
  0.028236;0.786197;-0.044545;,
  0.070397;0.762125;-0.092151;,
  0.070397;0.762125;-0.092151;,
  0.070397;0.762125;-0.092151;,
  0.070397;0.762125;-0.092151;,
  0.070397;0.762125;-0.092151;,
  0.042707;0.751697;-0.076234;,
  0.042707;0.751697;-0.076234;,
  0.049719;0.730454;-0.083155;,
  0.049719;0.730454;-0.083155;,
  0.074618;0.747429;-0.087368;,
  0.074618;0.747429;-0.087368;,
  0.074618;0.747429;-0.087368;,
  0.074618;0.747429;-0.087368;,
  0.110642;0.732842;-0.034816;,
  0.110642;0.732842;-0.034816;,
  0.110642;0.732842;-0.034816;,
  0.110642;0.732842;-0.034816;,
  0.110642;0.732842;-0.034816;,
  0.109694;0.736066;-0.039870;,
  0.091696;0.775027;-0.029577;,
  0.091696;0.775027;-0.029577;,
  0.109694;0.736066;-0.039870;,
  0.109694;0.736066;-0.039870;,
  0.070089;0.710856;-0.064367;,
  0.070089;0.710856;-0.064367;,
  0.070089;0.710856;-0.064367;,
  0.105035;0.728384;-0.044365;,
  0.105035;0.728384;-0.044365;,
  0.105035;0.728384;-0.044365;,
  0.098550;0.685347;-0.043554;,
  0.098550;0.685347;-0.043554;,
  0.098550;0.685347;-0.043554;,
  0.098550;0.685347;-0.043554;,
  0.098550;0.685347;-0.043554;,
  0.071046;0.678553;-0.064152;,
  0.071046;0.678553;-0.064152;,
  0.071046;0.678553;-0.064152;,
  0.071046;0.678553;-0.064152;,
  0.112773;0.689728;-0.035620;,
  0.112773;0.689728;-0.035620;,
  0.112773;0.689728;-0.035620;,
  0.020172;0.822182;-0.008040;,
  0.020172;0.822182;-0.008040;,
  0.020172;0.822182;-0.008040;,
  0.020172;0.822182;-0.008040;,
  0.020172;0.822182;-0.008040;,
  0.027139;0.816485;-0.029359;,
  0.027139;0.816485;-0.029359;,
  0.017039;0.801531;0.001188;,
  0.017039;0.801531;0.001188;,
  0.017039;0.801531;0.001188;,
  -0.004800;0.823785;0.003009;,
  -0.004800;0.823785;0.003009;,
  0.093769;0.076766;-0.058135;,
  0.093769;0.076766;-0.058135;,
  0.117038;0.083869;-0.060695;,
  0.117038;0.083869;-0.060695;,
  0.102433;0.067233;-0.110545;,
  0.102433;0.067233;-0.110545;,
  0.124764;0.068854;-0.084173;,
  0.124764;0.068854;-0.084173;,
  0.049434;0.268332;-0.099515;,
  0.049434;0.268332;-0.099515;,
  0.017877;0.808691;-0.044484;,
  0.017877;0.808691;-0.044484;,
  0.017877;0.808691;-0.044484;,
  0.017877;0.808691;-0.044484;,
  0.017877;0.808691;-0.044484;,
  0.017877;0.808691;-0.044484;,
  0.028236;0.786197;-0.044545;,
  0.028236;0.786197;-0.044545;,
  0.027139;0.816485;-0.029359;,
  0.027139;0.816485;-0.029359;,
